Sample	number_of_samples	number_of_records	number_of_no-ALTs	number_of_SNPs	number_of_MNPs	number_of_indels	number_of_others	number_of_multiallelic_sites	number_of_multiallelic_SNP_sites	ts	tv	tstv	ts_1st_ALT	tv_1st_ALT	tstv_1st_ALT	substitution_type_A>C	substitution_type_A>G	substitution_type_A>T	substitution_type_C>A	substitution_type_C>G	substitution_type_C>T	substitution_type_G>A	substitution_type_G>C	substitution_type_G>T	substitution_type_T>A	substitution_type_T>C	substitution_type_T>G
I11698_green.hg19.called	1.0	664183472.0	662569514.0	1607494.0	0.0	6464.0	0.0	196.0	175.0	1199899.0	407770.0	2.94	1199871.0	407623.0	2.94	46823.0	190049.0	39709.0	79910.0	36708.0	411615.0	413250.0	36208.0	80881.0	39620.0	184985.0	47911.0
I13698_v39.hg19.called	1.0	671557971.0	669797919.0	1753243.0	0.0	6809.0	0.0	165.0	136.0	1243128.0	510251.0	2.44	1243100.0	510143.0	2.44	58003.0	200237.0	60741.0	91259.0	43898.0	422867.0	423520.0	43929.0	92185.0	60846.0	196504.0	59390.0
I13768_green.hg19.called	1.0	962353039.0	960113691.0	2229830.0	0.0	9518.0	0.0	221.0	192.0	1681746.0	548276.0	3.07	1681707.0	548123.0	3.07	55129.0	225162.0	53087.0	119318.0	46143.0	616332.0	619034.0	45634.0	120587.0	52662.0	221218.0	55716.0
I6221_aln.sort	1.0	312312360.0	311548175.0	761684.0	0.0	2501.0	0.0	35.0	32.0	572949.0	188767.0	3.04	572946.0	188738.0	3.04	24376.0	106558.0	13812.0	38545.0	17171.0	181153.0	182142.0	16878.0	39222.0	13654.0	103096.0	25109.0
I6224_aln.sort	1.0	266460037.0	265824428.0	633440.0	0.0	2169.0	0.0	36.0	34.0	473715.0	159759.0	2.97	473704.0	159736.0	2.97	22794.0	99915.0	11469.0	30369.0	14866.0	138912.0	139026.0	14456.0	31311.0	11303.0	95862.0	23191.0
I6226_aln.sort	1.0	271575584.0	270912294.0	661324.0	0.0	1966.0	0.0	43.0	40.0	499370.0	161994.0	3.08	499356.0	161968.0	3.08	23059.0	98446.0	11569.0	30938.0	15147.0	152797.0	153451.0	14551.0	31429.0	11598.0	94676.0	23703.0
I6228_aln.sort	1.0	300972140.0	300225084.0	744784.0	0.0	2272.0	0.0	42.0	35.0	568564.0	176255.0	3.23	568556.0	176228.0	3.23	24423.0	106198.0	13058.0	33980.0	16185.0	179711.0	180535.0	15946.0	34633.0	13372.0	102120.0	24658.0
I6230_aln.sort	1.0	238963793.0	238383296.0	578827.0	0.0	1670.0	0.0	33.0	33.0	435285.0	143575.0	3.03	435275.0	143552.0	3.03	20707.0	88563.0	9398.0	28633.0	12632.0	130635.0	131494.0	12332.0	29247.0	9418.0	84593.0	21208.0
I6232_aln.sort	1.0	317212348.0	316469066.0	740731.0	0.0	2551.0	0.0	54.0	50.0	558468.0	182313.0	3.06	558458.0	182273.0	3.06	25175.0	112603.0	13963.0	33565.0	17725.0	168367.0	168998.0	17460.0	34579.0	14149.0	108500.0	25697.0
I6233_aln.sort	1.0	313008951.0	312240722.0	765588.0	0.0	2641.0	0.0	52.0	47.0	576490.0	189145.0	3.05	576478.0	189110.0	3.05	25127.0	111466.0	14189.0	37200.0	17562.0	178210.0	179279.0	17190.0	38005.0	14004.0	107535.0	25868.0
I6262_aln.sort	1.0	316252803.0	315367971.0	882359.0	0.0	2473.0	0.0	56.0	55.0	680003.0	202411.0	3.36	679992.0	202367.0	3.36	27131.0	118731.0	16058.0	38911.0	18873.0	222997.0	224417.0	18206.0	39441.0	15922.0	113858.0	27869.0
I6263_aln.sort	1.0	308519607.0	307794843.0	722353.0	0.0	2411.0	0.0	47.0	46.0	538500.0	183899.0	2.93	538485.0	183868.0	2.93	25869.0	109547.0	14327.0	34148.0	17278.0	161857.0	162618.0	16967.0	34287.0	14400.0	104478.0	26623.0
I6264_aln.sort	1.0	208433951.0	207856367.0	576000.0	0.0	1584.0	0.0	20.0	19.0	438134.0	137885.0	3.18	438128.0	137872.0	3.18	19123.0	83473.0	9555.0	28147.0	11453.0	136997.0	137519.0	11106.0	29166.0	9499.0	80145.0	19836.0
I6347_aln.sort	1.0	627093242.0	625768218.0	1319517.0	0.0	5507.0	0.0	128.0	107.0	1002665.0	316959.0	3.16	1002643.0	316874.0	3.16	36334.0	170312.0	28066.0	61781.0	31571.0	331994.0	333710.0	31247.0	62737.0	27962.0	166649.0	37261.0
I6348_green.hg19.called	1.0	561193994.0	559956283.0	1232293.0	0.0	5418.0	0.0	82.0	74.0	895570.0	336797.0	2.66	895549.0	336744.0	2.66	36201.0	161716.0	26291.0	75995.0	28364.0	286966.0	288846.0	28103.0	78639.0	26461.0	158042.0	36743.0
I6349_aln.sort	1.0	327374862.0	326587749.0	784936.0	0.0	2177.0	0.0	43.0	43.0	604995.0	179984.0	3.36	604983.0	179953.0	3.36	22060.0	97436.0	12876.0	38319.0	15217.0	205158.0	207784.0	15348.0	40853.0	12683.0	94617.0	22628.0
I6351_aln.sort	1.0	486173890.0	485104831.0	1065533.0	0.0	3526.0	0.0	67.0	59.0	799813.0	265779.0	3.01	799802.0	265731.0	3.01	29743.0	141741.0	22069.0	54265.0	25222.0	258278.0	261082.0	25325.0	57104.0	21829.0	138712.0	30222.0
I6352_aln.sort	1.0	388221610.0	387256240.0	962514.0	0.0	2856.0	0.0	54.0	51.0	730221.0	232344.0	3.14	730208.0	232306.0	3.14	26639.0	118283.0	17073.0	51768.0	18890.0	247292.0	249913.0	18903.0	54946.0	16937.0	114733.0	27188.0
I6353_aln.sort	1.0	401404852.0	400425890.0	975854.0	0.0	3108.0	0.0	68.0	64.0	739843.0	236075.0	3.13	739830.0	236024.0	3.13	27311.0	125097.0	17282.0	51403.0	19997.0	245598.0	247560.0	19785.0	54965.0	17411.0	121588.0	27921.0
I6356_aln.sort	1.0	367519869.0	366657448.0	859356.0	0.0	3065.0	0.0	64.0	49.0	649966.0	209439.0	3.1	649957.0	209399.0	3.1	25760.0	120403.0	15382.0	43459.0	18937.0	204491.0	207252.0	18593.0	46045.0	15042.0	117820.0	26221.0
I6357_aln.sort	1.0	239415391.0	238791351.0	623080.0	0.0	960.0	0.0	10.0	9.0	481493.0	141596.0	3.4	481492.0	141588.0	3.4	16160.0	72298.0	9485.0	32690.0	10473.0	168528.0	170858.0	10471.0	36138.0	9320.0	69809.0	16859.0
I6358_aln.sort	1.0	376108904.0	375143248.0	962980.0	0.0	2676.0	0.0	58.0	54.0	729370.0	233664.0	3.12	729358.0	233622.0	3.12	26234.0	115056.0	17680.0	53191.0	18046.0	249668.0	253251.0	17600.0	56018.0	17869.0	111395.0	27026.0
I6359_aln.sort	1.0	457399035.0	456431007.0	963761.0	0.0	4267.0	0.0	64.0	51.0	707120.0	256692.0	2.75	707104.0	256657.0	2.76	30908.0	141896.0	19602.0	52046.0	23992.0	212230.0	214639.0	24050.0	55003.0	19558.0	138355.0	31533.0
I6361_aln.sort	1.0	449752791.0	448728704.0	1020472.0	0.0	3615.0	0.0	79.0	75.0	756338.0	264209.0	2.86	756309.0	264163.0	2.86	30580.0	135050.0	20724.0	56379.0	22999.0	243836.0	246822.0	23070.0	59014.0	20601.0	130630.0	30842.0
I6362_aln.sort	1.0	356421303.0	355563201.0	855709.0	0.0	2393.0	0.0	52.0	48.0	648496.0	207261.0	3.13	648485.0	207224.0	3.13	24862.0	106045.0	15052.0	45736.0	16590.0	218326.0	221622.0	16329.0	48144.0	15055.0	102503.0	25493.0
I6363_aln.sort	1.0	594482122.0	593234219.0	1243483.0	0.0	4420.0	0.0	83.0	76.0	956637.0	286922.0	3.33	956623.0	286860.0	3.33	32532.0	153991.0	24526.0	58373.0	27440.0	325135.0	326852.0	27058.0	59569.0	24557.0	150659.0	32867.0
I6364_aln.sort	1.0	376027085.0	375139497.0	885132.0	0.0	2456.0	0.0	48.0	46.0	669114.0	216064.0	3.1	669103.0	216029.0	3.1	25647.0	114491.0	15781.0	46302.0	18840.0	219968.0	222518.0	18720.0	48758.0	15996.0	112137.0	26020.0
I6365_aln.sort	1.0	480425590.0	479358888.0	1063960.0	0.0	2742.0	0.0	73.0	70.0	830491.0	233539.0	3.56	830476.0	233484.0	3.56	26201.0	123313.0	19197.0	48492.0	21386.0	292750.0	294693.0	21593.0	50090.0	19594.0	119735.0	26986.0
I6367_aln.sort	1.0	782046706.0	780514846.0	1523768.0	0.0	8092.0	0.0	136.0	112.0	1128054.0	395826.0	2.85	1128029.0	395739.0	2.85	44611.0	204736.0	36099.0	78296.0	37630.0	360685.0	361654.0	37283.0	80312.0	36237.0	200979.0	45358.0
I6369_aln.sort	1.0	559959786.0	558729810.0	1225832.0	0.0	4144.0	0.0	84.0	76.0	947500.0	278408.0	3.4	947488.0	278344.0	3.4	30776.0	144078.0	23549.0	57807.0	26021.0	330751.0	332685.0	25866.0	59599.0	23603.0	139986.0	31187.0
I7021_aln.sort	1.0	450418494.0	449398093.0	1017198.0	0.0	3203.0	0.0	53.0	48.0	758275.0	258971.0	2.93	758270.0	258928.0	2.93	30832.0	132972.0	20437.0	54198.0	23429.0	247101.0	249347.0	23303.0	55321.0	20469.0	128855.0	30982.0
I7022_aln.sort	1.0	540891467.0	539800219.0	1087454.0	0.0	3794.0	0.0	63.0	59.0	787832.0	299681.0	2.63	787817.0	299637.0	2.63	38027.0	155118.0	23208.0	57376.0	30522.0	239484.0	242068.0	29763.0	58876.0	23478.0	151162.0	38431.0
I7023_aln.sort	1.0	321449047.0	320567813.0	879787.0	0.0	1447.0	0.0	47.0	46.0	711232.0	168601.0	4.22	711223.0	168564.0	4.22	22696.0	89988.0	11649.0	35339.0	14016.0	265924.0	269449.0	13417.0	36309.0	11913.0	85871.0	23262.0
I7024_aln.sort	1.0	467804395.0	466806337.0	995004.0	0.0	3054.0	0.0	68.0	60.0	742589.0	252475.0	2.94	742568.0	252436.0	2.94	30933.0	134173.0	20316.0	50351.0	24036.0	237639.0	240779.0	23785.0	51502.0	20243.0	129998.0	31309.0
I7027_aln.sort	1.0	740863001.0	739353529.0	1505399.0	0.0	4073.0	0.0	76.0	74.0	1096201.0	409272.0	2.68	1096186.0	409213.0	2.68	46419.0	178905.0	33120.0	84356.0	40309.0	369993.0	372051.0	39676.0	85392.0	32979.0	175252.0	47021.0
I7029_aln.sort	1.0	240348300.0	239794858.0	552331.0	0.0	1111.0	0.0	20.0	17.0	426022.0	126326.0	3.37	426016.0	126315.0	3.37	17639.0	75598.0	7977.0	26759.0	10324.0	138393.0	139522.0	10329.0	27446.0	7932.0	72509.0	17920.0
I7030_aln.sort	1.0	393423875.0	392451646.0	969440.0	0.0	2789.0	0.0	74.0	69.0	743766.0	225743.0	3.29	743745.0	225695.0	3.3	28709.0	120311.0	16823.0	46345.0	20108.0	251632.0	255779.0	19961.0	47738.0	16779.0	116044.0	29280.0
I7032_aln.sort	1.0	444378735.0	443398856.0	976125.0	0.0	3754.0	0.0	83.0	75.0	721386.0	254814.0	2.83	721370.0	254755.0	2.83	32366.0	134003.0	18377.0	52040.0	23555.0	227912.0	229831.0	23661.0	53613.0	18424.0	129640.0	32778.0
I7033_aln.sort	1.0	505275910.0	504168076.0	1104435.0	0.0	3399.0	0.0	60.0	58.0	819138.0	285355.0	2.87	819120.0	285315.0	2.87	34772.0	143790.0	22019.0	58040.0	26834.0	266714.0	268584.0	26590.0	59667.0	21870.0	140050.0	35563.0
I7039_aln.sort	1.0	577963667.0	576668556.0	1291791.0	0.0	3320.0	0.0	83.0	80.0	969684.0	322187.0	3.01	969668.0	322123.0	3.01	39124.0	149936.0	25687.0	65229.0	30082.0	336208.0	337325.0	30192.0	66641.0	25491.0	146215.0	39741.0
S11696.Y1.E2.L1.1240k_plus.hg19.v1.called	1.0	501640648.0	500387864.0	1248358.0	0.0	4426.0	0.0	100.0	85.0	899617.0	348826.0	2.58	899600.0	348758.0	2.58	41618.0	152885.0	34051.0	66630.0	31095.0	297570.0	299556.0	30917.0	67973.0	34254.0	149606.0	42288.0
S11697.Y1.E2.L1.1240k_plus.hg19.v1.called	1.0	490769410.0	489508539.0	1256765.0	0.0	4106.0	0.0	113.0	101.0	910135.0	346731.0	2.62	910105.0	346660.0	2.63	41070.0	150849.0	34487.0	65818.0	30571.0	304193.0	307635.0	30580.0	67426.0	34779.0	147458.0	42000.0
S12955.Y1.E1.L1.1240k_plus.hg19.v1.called	1.0	502087077.0	500875061.0	1207973.0	0.0	4043.0	0.0	89.0	82.0	860602.0	347453.0	2.48	860585.0	347388.0	2.48	37934.0	152743.0	31129.0	73475.0	29858.0	278194.0	280567.0	30063.0	75562.0	31058.0	149098.0	38374.0
S12957.Y1.E1.L1.1240k_plus.hg19.v1.called	1.0	464318947.0	463122883.0	1192914.0	0.0	3150.0	0.0	72.0	66.0	852237.0	340743.0	2.5	852223.0	340691.0	2.5	34326.0	139632.0	28562.0	80184.0	25976.0	287149.0	289405.0	26068.0	82188.0	28598.0	136051.0	34841.0
S12960.Y1.E1.L1.1240k_plus.hg19.v1.called	1.0	329868929.0	329002651.0	864780.0	0.0	1498.0	0.0	39.0	35.0	677920.0	186895.0	3.63	677914.0	186866.0	3.63	20836.0	89632.0	15053.0	42236.0	14235.0	249526.0	252102.0	13883.0	44120.0	15062.0	86660.0	21470.0
S12969.Y1.E1.L1.1240k_plus.hg19.v1.called	1.0	422162177.0	421013931.0	1145128.0	0.0	3118.0	0.0	88.0	85.0	862954.0	282259.0	3.06	862935.0	282193.0	3.06	31007.0	127903.0	24268.0	62163.0	22684.0	304537.0	306367.0	22754.0	63659.0	23995.0	124147.0	31729.0
S12970.Y1.E1.L1.1240k_plus.hg19.v1.called	1.0	465359213.0	464282601.0	1072925.0	0.0	3687.0	0.0	88.0	73.0	754147.0	318851.0	2.37	754128.0	318797.0	2.37	36918.0	146668.0	29506.0	63292.0	28622.0	230151.0	234041.0	28364.0	65071.0	29851.0	143287.0	37227.0
S12971.Y1.E1.L1.1240k_plus.hg19.v1.called	1.0	482699758.0	481480634.0	1215339.0	0.0	3785.0	0.0	75.0	69.0	892801.0	322607.0	2.77	892779.0	322560.0	2.77	36435.0	149718.0	29374.0	66749.0	28009.0	297063.0	299602.0	27947.0	67869.0	29496.0	146418.0	36728.0
S12973.Y1.E1.L1.1240k_plus.hg19.v1.called	1.0	429382244.0	428265000.0	1113669.0	0.0	3575.0	0.0	84.0	78.0	827234.0	286513.0	2.89	827215.0	286454.0	2.89	32318.0	132344.0	23755.0	62429.0	23771.0	281891.0	284263.0	23388.0	64314.0	23885.0	128736.0	32653.0
S12974.Y1.E1.L1.1240k_plus.hg19.v1.called	1.0	505674089.0	504436655.0	1233385.0	0.0	4049.0	0.0	70.0	63.0	894759.0	338689.0	2.64	894743.0	338642.0	2.64	38302.0	153441.0	31464.0	68615.0	29747.0	294433.0	297490.0	29722.0	70754.0	31428.0	149395.0	38657.0
S12975.Y1.E1.L1.1240k_plus.hg19.v1.called	1.0	482484932.0	481259455.0	1221876.0	0.0	3601.0	0.0	85.0	77.0	908256.0	313697.0	2.9	908234.0	313642.0	2.9	36090.0	144254.0	29691.0	62546.0	27543.0	309997.0	312975.0	27647.0	63985.0	29873.0	141030.0	36322.0
S12976.Y1.E1.L1.1240k_plus.hg19.v1.called	1.0	487982522.0	486807625.0	1171029.0	0.0	3868.0	0.0	82.0	73.0	835248.0	335854.0	2.49	835232.0	335797.0	2.49	39637.0	151388.0	32458.0	64961.0	30356.0	265927.0	269672.0	30138.0	66084.0	32248.0	148261.0	39972.0
S12977.Y1.E1.L1.1240k_plus.hg19.v1.called	1.0	512159348.0	510939933.0	1215544.0	0.0	3871.0	0.0	77.0	69.0	876830.0	338783.0	2.59	876812.0	338732.0	2.59	38522.0	158062.0	31899.0	66572.0	30622.0	281119.0	283232.0	30458.0	68921.0	32635.0	154417.0	39154.0
S12978.Y1.E1.L1.1240k_plus.hg19.v1.called	1.0	423307816.0	422181795.0	1123706.0	0.0	2315.0	0.0	57.0	52.0	816762.0	306996.0	2.66	816752.0	306954.0	2.66	31370.0	127478.0	26615.0	70888.0	23798.0	282059.0	282937.0	23663.0	72385.0	26449.0	124288.0	31828.0
S13173.Y1.E1.L1.1240k_plus.hg19.v1.called	1.0	464864956.0	463649305.0	1212309.0	0.0	3342.0	0.0	79.0	76.0	911361.0	301024.0	3.03	911348.0	300961.0	3.03	34154.0	138481.0	27782.0	62097.0	25375.0	317828.0	319545.0	25460.0	63621.0	27846.0	135507.0	34689.0
S13175.Y1.E1.L1.1240k_plus.hg19.v1.called	1.0	519495879.0	518250063.0	1241570.0	0.0	4246.0	0.0	91.0	82.0	864359.0	377293.0	2.29	864341.0	377229.0	2.29	43701.0	162467.0	36832.0	72652.0	34270.0	270787.0	272484.0	34136.0	74205.0	37004.0	158621.0	44493.0
S13179.Y1.E1.L1.1240k_plus.hg19.v1.called	1.0	297978620.0	297223396.0	752801.0	0.0	2423.0	0.0	53.0	47.0	575964.0	176884.0	3.26	575957.0	176844.0	3.26	22265.0	99507.0	13239.0	36886.0	15056.0	189321.0	191159.0	14667.0	38548.0	13355.0	95977.0	22868.0
S13180.Y1.E1.L1.1240k_plus.hg19.v1.called	1.0	441872340.0	440710941.0	1158116.0	0.0	3283.0	0.0	78.0	75.0	866883.0	291308.0	2.98	866866.0	291250.0	2.98	32973.0	131042.0	26043.0	60973.0	24450.0	302636.0	305065.0	24519.0	62555.0	26109.0	128140.0	33686.0
S13504.Y1.E1.L1.1240k_plus.hg19.v1.called	1.0	294536903.0	293776228.0	758020.0	0.0	2655.0	0.0	43.0	35.0	569385.0	188670.0	3.02	569375.0	188645.0	3.02	25951.0	105420.0	17042.0	32940.0	17364.0	178937.0	181598.0	17527.0	34243.0	17105.0	103430.0	26498.0
S13505.Y1.E1.L1.1240k_plus.hg19.v1.called	1.0	433342223.0	432217766.0	1121416.0	0.0	3041.0	0.0	66.0	61.0	820463.0	301014.0	2.73	820441.0	300975.0	2.73	33899.0	133737.0	28772.0	62055.0	24887.0	277109.0	279553.0	24972.0	63395.0	28586.0	130064.0	34448.0
S13766.Y1.E1.L1.1240k_plus.hg19.v1.called	1.0	435226483.0	434115911.0	1107381.0	0.0	3191.0	0.0	73.0	65.0	836182.0	271264.0	3.08	836167.0	271214.0	3.08	31590.0	128530.0	25905.0	54929.0	22918.0	290407.0	292654.0	22767.0	55465.0	25814.0	124591.0	31876.0
S13767.Y1.E1.L1.1240k_plus.hg19.v1.called	1.0	448906856.0	447766858.0	1136693.0	0.0	3305.0	0.0	82.0	72.0	850424.0	286341.0	2.97	850407.0	286286.0	2.97	32602.0	132329.0	26824.0	59517.0	23839.0	293651.0	295616.0	23490.0	60350.0	26862.0	128828.0	32857.0
S13957.Y1.E2.L1.1240k_plus.hg19.v1.called	1.0	432997491.0	432028783.0	965813.0	0.0	2895.0	0.0	65.0	63.0	701038.0	264838.0	2.65	701014.0	264799.0	2.65	32206.0	132638.0	24541.0	48923.0	25661.0	219234.0	220226.0	25714.0	50262.0	24693.0	128940.0	32838.0
S13963.Y1.E2.L1.1240k_plus.hg19.v1.called	1.0	387025916.0	386002608.0	1020933.0	0.0	2375.0	0.0	59.0	58.0	775059.0	245932.0	3.15	775044.0	245889.0	3.15	27529.0	115467.0	21366.0	53065.0	20865.0	273945.0	274663.0	20363.0	53352.0	21231.0	110984.0	28161.0
S13964.Y1.E2.L1.1240k_plus.hg19.v1.called	1.0	344419335.0	343559532.0	858427.0	0.0	1376.0	0.0	25.0	25.0	648964.0	209488.0	3.1	648955.0	209472.0	3.1	22832.0	98565.0	17977.0	46046.0	17383.0	226471.0	228190.0	17299.0	46627.0	17924.0	95738.0	23400.0
S13965.Y1.E2.L1.1240k_plus.hg19.v1.called	1.0	442507091.0	441314846.0	1189757.0	0.0	2488.0	0.0	61.0	60.0	912534.0	277283.0	3.29	912518.0	277239.0	3.29	32277.0	128682.0	27475.0	53505.0	25209.0	327934.0	330823.0	24710.0	54101.0	27298.0	125095.0	32708.0
S14000.Y1.E1.L1.1240k_plus.hg19.v1.called	1.0	551093938.0	549653191.0	1435909.0	0.0	4838.0	0.0	98.0	74.0	1006360.0	429623.0	2.34	1006340.0	429569.0	2.34	47473.0	164217.0	52294.0	77407.0	36493.0	339175.0	341929.0	36262.0	78640.0	53012.0	161039.0	48042.0
S14037.Y1.E1.L1.1240k_plus.hg19.v1.called	1.0	586592615.0	585067577.0	1520240.0	0.0	4798.0	0.0	112.0	95.0	1058969.0	461366.0	2.3	1058939.0	461301.0	2.3	54162.0	177813.0	51920.0	83214.0	40349.0	353194.0	354563.0	40019.0	84777.0	52281.0	173399.0	54644.0
S14194.Y1.E1.L1.1240k_plus.hg19.v1.called	1.0	446693702.0	445591971.0	1098476.0	0.0	3255.0	0.0	82.0	73.0	820291.0	278258.0	2.95	820273.0	278203.0	2.95	32987.0	132608.0	26361.0	54906.0	24326.0	278216.0	280629.0	23969.0	55954.0	26227.0	128838.0	33528.0
ts_merged.filtered.calls	69.0	88224855.0	85328305.0	2884893.0	0.0	11657.0	0.0	30177.0	30096.0	2310538.0	604682.0	3.82	2298500.0	586393.0	3.92	52896.0	241857.0	49045.0	142371.0	46339.0	916421.0	918990.0	46218.0	166587.0	47602.0	233270.0	53624.0
