Sample	raw_total_sequences	filtered_sequences	sequences	is_sorted	1st_fragments	last_fragments	reads_mapped	reads_mapped_and_paired	reads_unmapped	reads_properly_paired	reads_paired	reads_duplicated	reads_MQ0	reads_QC_failed	non-primary_alignments	supplementary_alignments	total_length	total_first_fragment_length	total_last_fragment_length	bases_mapped	bases_mapped_(cigar)	bases_trimmed	bases_duplicated	mismatches	error_rate	average_length	average_first_fragment_length	average_last_fragment_length	maximum_length	maximum_first_fragment_length	maximum_last_fragment_length	average_quality	insert_size_average	insert_size_standard_deviation	inward_oriented_pairs	outward_oriented_pairs	pairs_with_other_orientation	pairs_on_different_chromosomes	percentage_of_properly_paired_reads_(%)	reads_mapped_percent	reads_mapped_and_paired_percent	reads_unmapped_percent	reads_properly_paired_percent	reads_paired_percent	reads_duplicated_percent	reads_MQ0_percent	reads_QC_failed_percent
I11698_green.hg19	35972127.0	0.0	35972127.0	1.0	35972127.0	0.0	35972127.0	0.0	0.0	0.0	0.0	0.0	5952362.0	0.0	0.0	0.0	2030918082.0	2030918082.0	0.0	2030918082.0	2030917510.0	0.0	0.0	13996406.0	0.006891666	56.0	56.0	0.0	123.0	123.0	0.0	35.6	0.0	0.0	0.0	0.0	0.0	0.0	0.0	100.0	0.0	0.0	0.0	0.0	0.0	16.547150520179137	0.0
I13698_v39.hg19	33279130.0	0.0	33279130.0	1.0	33279130.0	0.0	33279130.0	0.0	0.0	0.0	0.0	0.0	6133075.0	0.0	0.0	0.0	1937626401.0	1937626401.0	0.0	1937626401.0	1937625644.0	0.0	0.0	13695439.0	0.007068155	58.0	58.0	0.0	123.0	123.0	0.0	35.6	0.0	0.0	0.0	0.0	0.0	0.0	0.0	100.0	0.0	0.0	0.0	0.0	0.0	18.429192710266165	0.0
I13768_green.hg19	53169896.0	0.0	53169896.0	1.0	53169896.0	0.0	53169896.0	0.0	0.0	0.0	0.0	0.0	11203083.0	0.0	0.0	0.0	2846453945.0	2846453945.0	0.0	2846453945.0	2846453502.0	0.0	0.0	19664398.0	0.006908386	53.0	54.0	0.0	123.0	123.0	0.0	35.6	0.0	0.0	0.0	0.0	0.0	0.0	0.0	100.0	0.0	0.0	0.0	0.0	0.0	21.070349658009487	0.0
I6221_aln.sort	11478616.0	0.0	11478616.0	1.0	11478616.0	0.0	11478616.0	0.0	0.0	0.0	0.0	0.0	1363523.0	0.0	0.0	0.0	708162111.0	708162111.0	0.0	708162111.0	708162021.0	0.0	0.0	3934166.0	0.00555546	61.0	62.0	0.0	123.0	123.0	0.0	35.3	0.0	0.0	0.0	0.0	0.0	0.0	0.0	100.0	0.0	0.0	0.0	0.0	0.0	11.878810128329059	0.0
I6224_aln.sort	8982095.0	0.0	8982095.0	1.0	8982095.0	0.0	8982095.0	0.0	0.0	0.0	0.0	0.0	1242298.0	0.0	0.0	0.0	545698965.0	545698965.0	0.0	545698965.0	545698892.0	0.0	0.0	2831859.0	0.005189417	60.0	61.0	0.0	123.0	123.0	0.0	35.4	0.0	0.0	0.0	0.0	0.0	0.0	0.0	100.0	0.0	0.0	0.0	0.0	0.0	13.830826772595925	0.0
I6226_aln.sort	10226826.0	0.0	10226826.0	1.0	10226826.0	0.0	10226826.0	0.0	0.0	0.0	0.0	0.0	1556715.0	0.0	0.0	0.0	569882934.0	569882934.0	0.0	569882934.0	569882865.0	0.0	0.0	3119264.0	0.005473518	55.0	56.0	0.0	123.0	123.0	0.0	35.5	0.0	0.0	0.0	0.0	0.0	0.0	0.0	100.0	0.0	0.0	0.0	0.0	0.0	15.2218782249742	0.0
I6228_aln.sort	11451444.0	0.0	11451444.0	1.0	11451444.0	0.0	11451444.0	0.0	0.0	0.0	0.0	0.0	1630404.0	0.0	0.0	0.0	657621133.0	657621133.0	0.0	657621133.0	657621083.0	0.0	0.0	3799880.0	0.005778221	57.0	57.0	0.0	123.0	123.0	0.0	35.3	0.0	0.0	0.0	0.0	0.0	0.0	0.0	100.0	0.0	0.0	0.0	0.0	0.0	14.237540697924208	0.0
I6230_aln.sort	8826630.0	0.0	8826630.0	1.0	8826630.0	0.0	8826630.0	0.0	0.0	0.0	0.0	0.0	1721168.0	0.0	0.0	0.0	467530602.0	467530602.0	0.0	467530602.0	467530556.0	0.0	0.0	2537548.0	0.005427555	52.0	53.0	0.0	123.0	123.0	0.0	35.5	0.0	0.0	0.0	0.0	0.0	0.0	0.0	100.0	0.0	0.0	0.0	0.0	0.0	19.499718465597855	0.0
I6232_aln.sort	12099213.0	0.0	12099213.0	1.0	12099213.0	0.0	12099213.0	0.0	0.0	0.0	0.0	0.0	1564089.0	0.0	0.0	0.0	722371406.0	722371406.0	0.0	722371406.0	722371295.0	0.0	0.0	3956924.0	0.005477687	59.0	60.0	0.0	123.0	123.0	0.0	35.3	0.0	0.0	0.0	0.0	0.0	0.0	0.0	100.0	0.0	0.0	0.0	0.0	0.0	12.927196173833785	0.0
I6233_aln.sort	11944522.0	0.0	11944522.0	1.0	11944522.0	0.0	11944522.0	0.0	0.0	0.0	0.0	0.0	1426738.0	0.0	0.0	0.0	733520308.0	733520308.0	0.0	733520308.0	733520199.0	0.0	0.0	4160253.0	0.005671627	61.0	61.0	0.0	123.0	123.0	0.0	35.3	0.0	0.0	0.0	0.0	0.0	0.0	0.0	100.0	0.0	0.0	0.0	0.0	0.0	11.94470569856207	0.0
I6262_aln.sort	11187879.0	0.0	11187879.0	1.0	11187879.0	0.0	11187879.0	0.0	0.0	0.0	0.0	0.0	1651146.0	0.0	0.0	0.0	672016695.0	672016695.0	0.0	672016695.0	672016572.0	0.0	0.0	4304960.0	0.006406032	60.0	60.0	0.0	123.0	123.0	0.0	35.4	0.0	0.0	0.0	0.0	0.0	0.0	0.0	100.0	0.0	0.0	0.0	0.0	0.0	14.758346957452792	0.0
I6263_aln.sort	11374642.0	0.0	11374642.0	1.0	11374642.0	0.0	11374642.0	0.0	0.0	0.0	0.0	0.0	1533447.0	0.0	0.0	0.0	675818203.0	675818203.0	0.0	675818203.0	675818090.0	0.0	0.0	3704663.0	0.005481746	59.0	59.0	0.0	123.0	123.0	0.0	35.3	0.0	0.0	0.0	0.0	0.0	0.0	0.0	100.0	0.0	0.0	0.0	0.0	0.0	13.481277037114664	0.0
I6264_aln.sort	5465545.0	0.0	5465545.0	1.0	5465545.0	0.0	5465545.0	0.0	0.0	0.0	0.0	0.0	864505.0	0.0	0.0	0.0	352980111.0	352980111.0	0.0	352980111.0	352980064.0	0.0	0.0	1972308.0	0.00558759	64.0	65.0	0.0	123.0	123.0	0.0	35.3	0.0	0.0	0.0	0.0	0.0	0.0	0.0	100.0	0.0	0.0	0.0	0.0	0.0	15.817361306146047	0.0
I6347_aln.sort	27764818.0	0.0	27764818.0	1.0	27764818.0	0.0	27764818.0	0.0	0.0	0.0	0.0	0.0	6591576.0	0.0	0.0	0.0	1489613612.0	1489613612.0	0.0	1489613612.0	1489613242.0	0.0	0.0	9223933.0	0.006192167	53.0	54.0	0.0	123.0	123.0	0.0	35.5	0.0	0.0	0.0	0.0	0.0	0.0	0.0	100.0	0.0	0.0	0.0	0.0	0.0	23.740749894344706	0.0
I6348_green.hg19	19756905.0	0.0	19756905.0	1.0	19756905.0	0.0	19756905.0	0.0	0.0	0.0	0.0	0.0	3151638.0	0.0	0.0	0.0	1235033859.0	1235033859.0	0.0	1235033859.0	1235033712.0	0.0	0.0	6872720.0	0.005564803	62.0	63.0	0.0	123.0	123.0	0.0	35.4	0.0	0.0	0.0	0.0	0.0	0.0	0.0	100.0	0.0	0.0	0.0	0.0	0.0	15.952083587991137	0.0
I6349_aln.sort	12026300.0	0.0	12026300.0	1.0	12026300.0	0.0	12026300.0	0.0	0.0	0.0	0.0	0.0	2789546.0	0.0	0.0	0.0	629765363.0	629765363.0	0.0	629765363.0	629765279.0	0.0	0.0	3709274.0	0.005889931	52.0	52.0	0.0	123.0	123.0	0.0	35.6	0.0	0.0	0.0	0.0	0.0	0.0	0.0	100.0	0.0	0.0	0.0	0.0	0.0	23.195380125225547	0.0
I6351_aln.sort	17415785.0	0.0	17415785.0	1.0	17415785.0	0.0	17415785.0	0.0	0.0	0.0	0.0	0.0	3660536.0	0.0	0.0	0.0	910878761.0	910878761.0	0.0	910878761.0	910878593.0	0.0	0.0	5372977.0	0.005898675	52.0	52.0	0.0	123.0	123.0	0.0	35.5	0.0	0.0	0.0	0.0	0.0	0.0	0.0	100.0	0.0	0.0	0.0	0.0	0.0	21.018495577431622	0.0
I6352_aln.sort	13531009.0	0.0	13531009.0	1.0	13531009.0	0.0	13531009.0	0.0	0.0	0.0	0.0	0.0	2554048.0	0.0	0.0	0.0	740391771.0	740391771.0	0.0	740391771.0	740391702.0	0.0	0.0	4400673.0	0.00594371	54.0	55.0	0.0	123.0	123.0	0.0	35.5	0.0	0.0	0.0	0.0	0.0	0.0	0.0	100.0	0.0	0.0	0.0	0.0	0.0	18.875517708989772	0.0
I6353_aln.sort	14208005.0	0.0	14208005.0	1.0	14208005.0	0.0	14208005.0	0.0	0.0	0.0	0.0	0.0	2719198.0	0.0	0.0	0.0	778017352.0	778017352.0	0.0	778017352.0	778017256.0	0.0	0.0	4632357.0	0.005954054	54.0	55.0	0.0	123.0	123.0	0.0	35.5	0.0	0.0	0.0	0.0	0.0	0.0	0.0	100.0	0.0	0.0	0.0	0.0	0.0	19.138492701825484	0.0
I6356_aln.sort	12574592.0	0.0	12574592.0	1.0	12574592.0	0.0	12574592.0	0.0	0.0	0.0	0.0	0.0	2293649.0	0.0	0.0	0.0	709897256.0	709897256.0	0.0	709897256.0	709897172.0	0.0	0.0	3961097.0	0.005579818	56.0	56.0	0.0	123.0	123.0	0.0	35.5	0.0	0.0	0.0	0.0	0.0	0.0	0.0	100.0	0.0	0.0	0.0	0.0	0.0	18.240345293111698	0.0
I6357_aln.sort	6764635.0	0.0	6764635.0	1.0	6764635.0	0.0	6764635.0	0.0	0.0	0.0	0.0	0.0	2150801.0	0.0	0.0	0.0	347299553.0	347299553.0	0.0	347299553.0	347299510.0	0.0	0.0	1974124.0	0.005684212	51.0	51.0	0.0	123.0	123.0	0.0	35.7	0.0	0.0	0.0	0.0	0.0	0.0	0.0	100.0	0.0	0.0	0.0	0.0	0.0	31.794782719245013	0.0
I6358_aln.sort	13393578.0	0.0	13393578.0	1.0	13393578.0	0.0	13393578.0	0.0	0.0	0.0	0.0	0.0	3049510.0	0.0	0.0	0.0	718283185.0	718283185.0	0.0	718283185.0	718283084.0	0.0	0.0	4521382.0	0.006294708	53.0	54.0	0.0	123.0	123.0	0.0	35.6	0.0	0.0	0.0	0.0	0.0	0.0	0.0	100.0	0.0	0.0	0.0	0.0	0.0	22.76844917765813	0.0
I6359_aln.sort	16283008.0	0.0	16283008.0	1.0	16283008.0	0.0	16283008.0	0.0	0.0	0.0	0.0	0.0	2467560.0	0.0	0.0	0.0	966462413.0	966462413.0	0.0	966462413.0	966462287.0	0.0	0.0	5102659.0	0.005279729	59.0	59.0	0.0	123.0	123.0	0.0	35.4	0.0	0.0	0.0	0.0	0.0	0.0	0.0	100.0	0.0	0.0	0.0	0.0	0.0	15.15420246676781	0.0
I6361_aln.sort	15627913.0	0.0	15627913.0	1.0	15627913.0	0.0	15627913.0	0.0	0.0	0.0	0.0	0.0	2800616.0	0.0	0.0	0.0	883420576.0	883420576.0	0.0	883420576.0	883420476.0	0.0	0.0	5013407.0	0.005674995	56.0	57.0	0.0	123.0	123.0	0.0	35.4	0.0	0.0	0.0	0.0	0.0	0.0	0.0	100.0	0.0	0.0	0.0	0.0	0.0	17.920601426434867	0.0
I6362_aln.sort	13756364.0	0.0	13756364.0	1.0	13756364.0	0.0	13756364.0	0.0	0.0	0.0	0.0	0.0	3327362.0	0.0	0.0	0.0	706400432.0	706400432.0	0.0	706400432.0	706400343.0	0.0	0.0	4261282.0	0.00603239	51.0	51.0	0.0	123.0	123.0	0.0	35.6	0.0	0.0	0.0	0.0	0.0	0.0	0.0	100.0	0.0	0.0	0.0	0.0	0.0	24.187801369606095	0.0
I6363_aln.sort	26561870.0	0.0	26561870.0	1.0	26561870.0	0.0	26561870.0	0.0	0.0	0.0	0.0	0.0	7750284.0	0.0	0.0	0.0	1316251542.0	1316251542.0	0.0	1316251542.0	1316251363.0	0.0	0.0	7553457.0	0.005738613	49.0	50.0	0.0	123.0	123.0	0.0	35.6	0.0	0.0	0.0	0.0	0.0	0.0	0.0	100.0	0.0	0.0	0.0	0.0	0.0	29.178231803709604	0.0
I6364_aln.sort	14702455.0	0.0	14702455.0	1.0	14702455.0	0.0	14702455.0	0.0	0.0	0.0	0.0	0.0	3535371.0	0.0	0.0	0.0	743554192.0	743554192.0	0.0	743554192.0	743554092.0	0.0	0.0	4510058.0	0.006065541	50.0	51.0	0.0	123.0	123.0	0.0	35.6	0.0	0.0	0.0	0.0	0.0	0.0	0.0	100.0	0.0	0.0	0.0	0.0	0.0	24.046126990356374	0.0
I6365_aln.sort	18380545.0	0.0	18380545.0	1.0	18380545.0	0.0	18380545.0	0.0	0.0	0.0	0.0	0.0	5685022.0	0.0	0.0	0.0	907097711.0	907097711.0	0.0	907097711.0	907097557.0	0.0	0.0	5205051.0	0.005738138	49.0	49.0	0.0	123.0	123.0	0.0	35.6	0.0	0.0	0.0	0.0	0.0	0.0	0.0	100.0	0.0	0.0	0.0	0.0	0.0	30.9295616642488	0.0
I6367_aln.sort	27169206.0	0.0	27169206.0	1.0	27169206.0	0.0	27169206.0	0.0	0.0	0.0	0.0	0.0	3537682.0	0.0	0.0	0.0	1710747760.0	1710747760.0	0.0	1710747760.0	1710747552.0	0.0	0.0	8413865.0	0.004918239	62.0	63.0	0.0	123.0	123.0	0.0	35.3	0.0	0.0	0.0	0.0	0.0	0.0	0.0	100.0	0.0	0.0	0.0	0.0	0.0	13.020925234252337	0.0
I6369_aln.sort	21915761.0	0.0	21915761.0	1.0	21915761.0	0.0	21915761.0	0.0	0.0	0.0	0.0	0.0	5514012.0	0.0	0.0	0.0	1160127169.0	1160127169.0	0.0	1160127169.0	1160126959.0	0.0	0.0	6894081.0	0.005942523	52.0	53.0	0.0	123.0	123.0	0.0	35.5	0.0	0.0	0.0	0.0	0.0	0.0	0.0	100.0	0.0	0.0	0.0	0.0	0.0	25.16002980685909	0.0
I7021_aln.sort	15649954.0	0.0	15649954.0	1.0	15649954.0	0.0	15649954.0	0.0	0.0	0.0	0.0	0.0	2462500.0	0.0	0.0	0.0	876955119.0	876955119.0	0.0	876955119.0	876954997.0	0.0	0.0	4942319.0	0.005635772	56.0	56.0	0.0	123.0	123.0	0.0	35.2	0.0	0.0	0.0	0.0	0.0	0.0	0.0	100.0	0.0	0.0	0.0	0.0	0.0	15.734870530609864	0.0
I7022_aln.sort	20105956.0	0.0	20105956.0	1.0	20105956.0	0.0	20105956.0	0.0	0.0	0.0	0.0	0.0	3537111.0	0.0	0.0	0.0	1080988636.0	1080988636.0	0.0	1080988636.0	1080988491.0	0.0	0.0	5742470.0	0.005312239	53.0	54.0	0.0	123.0	123.0	0.0	35.2	0.0	0.0	0.0	0.0	0.0	0.0	0.0	100.0	0.0	0.0	0.0	0.0	0.0	17.59235422578265	0.0
I7023_aln.sort	11921467.0	0.0	11921467.0	1.0	11921467.0	0.0	11921467.0	0.0	0.0	0.0	0.0	0.0	3482035.0	0.0	0.0	0.0	552804862.0	552804862.0	0.0	552804862.0	552804822.0	0.0	0.0	3512870.0	0.00635463	46.0	46.0	0.0	123.0	123.0	0.0	35.5	0.0	0.0	0.0	0.0	0.0	0.0	0.0	100.0	0.0	0.0	0.0	0.0	0.0	29.208108364515876	0.0
I7024_aln.sort	16733371.0	0.0	16733371.0	1.0	16733371.0	0.0	16733371.0	0.0	0.0	0.0	0.0	0.0	2819960.0	0.0	0.0	0.0	911944132.0	911944132.0	0.0	911944132.0	911944052.0	0.0	0.0	4925684.0	0.005401301	54.0	54.0	0.0	123.0	123.0	0.0	35.3	0.0	0.0	0.0	0.0	0.0	0.0	0.0	100.0	0.0	0.0	0.0	0.0	0.0	16.852312663120898	0.0
I7027_aln.sort	23471133.0	0.0	23471133.0	1.0	23471133.0	0.0	23471133.0	0.0	0.0	0.0	0.0	0.0	4735485.0	0.0	0.0	0.0	1245480622.0	1245480622.0	0.0	1245480622.0	1245480454.0	0.0	0.0	6420026.0	0.005154658	53.0	53.0	0.0	123.0	123.0	0.0	35.3	0.0	0.0	0.0	0.0	0.0	0.0	0.0	100.0	0.0	0.0	0.0	0.0	0.0	20.17578358914331	0.0
I7029_aln.sort	8999272.0	0.0	8999272.0	1.0	8999272.0	0.0	8999272.0	0.0	0.0	0.0	0.0	0.0	2799327.0	0.0	0.0	0.0	416182380.0	416182380.0	0.0	416182380.0	416182340.0	0.0	0.0	2281341.0	0.00548159	46.0	46.0	0.0	123.0	123.0	0.0	35.6	0.0	0.0	0.0	0.0	0.0	0.0	0.0	100.0	0.0	0.0	0.0	0.0	0.0	31.106149475201995	0.0
I7030_aln.sort	14234075.0	0.0	14234075.0	1.0	14234075.0	0.0	14234075.0	0.0	0.0	0.0	0.0	0.0	2456847.0	0.0	0.0	0.0	770426265.0	770426265.0	0.0	770426265.0	770426182.0	0.0	0.0	4571945.0	0.005934306	54.0	54.0	0.0	123.0	123.0	0.0	35.3	0.0	0.0	0.0	0.0	0.0	0.0	0.0	100.0	0.0	0.0	0.0	0.0	0.0	17.26032074441086	0.0
I7032_aln.sort	17181101.0	0.0	17181101.0	1.0	17181101.0	0.0	17181101.0	0.0	0.0	0.0	0.0	0.0	3107528.0	0.0	0.0	0.0	952802455.0	952802455.0	0.0	952802455.0	952802345.0	0.0	0.0	5349189.0	0.005614164	55.0	55.0	0.0	123.0	123.0	0.0	35.2	0.0	0.0	0.0	0.0	0.0	0.0	0.0	100.0	0.0	0.0	0.0	0.0	0.0	18.086896759410237	0.0
I7033_aln.sort	17790296.0	0.0	17790296.0	1.0	17790296.0	0.0	17790296.0	0.0	0.0	0.0	0.0	0.0	3067239.0	0.0	0.0	0.0	989436113.0	989436113.0	0.0	989436113.0	989436002.0	0.0	0.0	5492403.0	0.005551044	55.0	56.0	0.0	123.0	123.0	0.0	35.2	0.0	0.0	0.0	0.0	0.0	0.0	0.0	100.0	0.0	0.0	0.0	0.0	0.0	17.24107906917344	0.0
I7039_aln.sort	22755845.0	0.0	22755845.0	1.0	22755845.0	0.0	22755845.0	0.0	0.0	0.0	0.0	0.0	5076728.0	0.0	0.0	0.0	1137433182.0	1137433182.0	0.0	1137433182.0	1137433067.0	0.0	0.0	6781711.0	0.005962295	49.0	50.0	0.0	123.0	123.0	0.0	35.4	0.0	0.0	0.0	0.0	0.0	0.0	0.0	100.0	0.0	0.0	0.0	0.0	0.0	22.309556072297028	0.0
S11696.Y1.E2.L1.1240k_plus.hg19.v1	22292670.0	0.0	22292670.0	1.0	22292670.0	0.0	22292670.0	0.0	0.0	0.0	0.0	1930503.0	4043178.0	0.0	0.0	0.0	1289687987.0	1289687987.0	0.0	1289687987.0	1289687429.0	0.0	118147098.0	8982126.0	0.006964576	57.0	58.0	0.0	123.0	123.0	0.0	35.6	0.0	0.0	0.0	0.0	0.0	0.0	0.0	100.0	0.0	0.0	0.0	0.0	8.659810601421903	18.13680460886919	0.0
S11697.Y1.E2.L1.1240k_plus.hg19.v1	21230360.0	0.0	21230360.0	1.0	21230360.0	0.0	21230360.0	0.0	0.0	0.0	0.0	1166482.0	4124818.0	0.0	0.0	0.0	1201220701.0	1201220701.0	0.0	1201220701.0	1201220133.0	0.0	70351942.0	8671494.0	0.007218905	56.0	57.0	0.0	123.0	123.0	0.0	35.6	0.0	0.0	0.0	0.0	0.0	0.0	0.0	100.0	0.0	0.0	0.0	0.0	5.494405182012929	19.42886507812397	0.0
S12955.Y1.E1.L1.1240k_plus.hg19.v1	19317149.0	0.0	19317149.0	1.0	19317149.0	0.0	19317149.0	0.0	0.0	0.0	0.0	1192084.0	3134042.0	0.0	0.0	0.0	1155522770.0	1155522770.0	0.0	1155522770.0	1155522416.0	0.0	76176880.0	7498998.0	0.006489703	59.0	60.0	0.0	123.0	123.0	0.0	35.6	0.0	0.0	0.0	0.0	0.0	0.0	0.0	100.0	0.0	0.0	0.0	0.0	6.171117694438243	16.224143635274544	0.0
S12957.Y1.E1.L1.1240k_plus.hg19.v1	19115183.0	0.0	19115183.0	1.0	19115183.0	0.0	19115183.0	0.0	0.0	0.0	0.0	1672749.0	3919639.0	0.0	0.0	0.0	1052713390.0	1052713390.0	0.0	1052713390.0	1052713080.0	0.0	101768153.0	7364234.0	0.006995481	55.0	55.0	0.0	123.0	123.0	0.0	35.6	0.0	0.0	0.0	0.0	0.0	0.0	0.0	100.0	0.0	0.0	0.0	0.0	8.750891895724985	20.505369998288796	0.0
S12960.Y1.E1.L1.1240k_plus.hg19.v1	17184731.0	0.0	17184731.0	1.0	17184731.0	0.0	17184731.0	0.0	0.0	0.0	0.0	4470769.0	4696541.0	0.0	0.0	0.0	838291511.0	838291511.0	0.0	838291511.0	838291370.0	0.0	234733721.0	6081042.0	0.007254091	48.0	49.0	0.0	123.0	123.0	0.0	35.7	0.0	0.0	0.0	0.0	0.0	0.0	0.0	100.0	0.0	0.0	0.0	0.0	26.015938218643047	27.32973242351015	0.0
S12969.Y1.E1.L1.1240k_plus.hg19.v1	17695734.0	0.0	17695734.0	1.0	17695734.0	0.0	17695734.0	0.0	0.0	0.0	0.0	1534018.0	3479297.0	0.0	0.0	0.0	986526605.0	986526605.0	0.0	986526605.0	986526385.0	0.0	92306247.0	6956322.0	0.007051329	55.0	56.0	0.0	123.0	123.0	0.0	35.6	0.0	0.0	0.0	0.0	0.0	0.0	0.0	100.0	0.0	0.0	0.0	0.0	8.668857703218189	19.661784020939734	0.0
S12970.Y1.E1.L1.1240k_plus.hg19.v1	18073867.0	0.0	18073867.0	1.0	18073867.0	0.0	18073867.0	0.0	0.0	0.0	0.0	1203127.0	2980958.0	0.0	0.0	0.0	1066907143.0	1066907143.0	0.0	1066907143.0	1066906767.0	0.0	75055996.0	6764394.0	0.006340192	59.0	59.0	0.0	123.0	123.0	0.0	35.5	0.0	0.0	0.0	0.0	0.0	0.0	0.0	100.0	0.0	0.0	0.0	0.0	6.6567215527258226	16.49319428985507	0.0
S12971.Y1.E1.L1.1240k_plus.hg19.v1	18485821.0	0.0	18485821.0	1.0	18485821.0	0.0	18485821.0	0.0	0.0	0.0	0.0	1076264.0	3047468.0	0.0	0.0	0.0	1086208476.0	1086208476.0	0.0	1086208476.0	1086208178.0	0.0	67435847.0	7135619.0	0.006569292	58.0	59.0	0.0	123.0	123.0	0.0	35.6	0.0	0.0	0.0	0.0	0.0	0.0	0.0	100.0	0.0	0.0	0.0	0.0	5.822105493718673	16.485434972025317	0.0
S12973.Y1.E1.L1.1240k_plus.hg19.v1	17060829.0	0.0	17060829.0	1.0	17060829.0	0.0	17060829.0	0.0	0.0	0.0	0.0	1347553.0	3032717.0	0.0	0.0	0.0	1028596056.0	1028596056.0	0.0	1028596056.0	1028595906.0	0.0	88511568.0	6988075.0	0.0067938	60.0	60.0	0.0	123.0	123.0	0.0	35.6	0.0	0.0	0.0	0.0	0.0	0.0	0.0	100.0	0.0	0.0	0.0	0.0	7.898520054330302	17.775906434558365	0.0
S12974.Y1.E1.L1.1240k_plus.hg19.v1	18836303.0	0.0	18836303.0	1.0	18836303.0	0.0	18836303.0	0.0	0.0	0.0	0.0	984432.0	2895820.0	0.0	0.0	0.0	1139800420.0	1139800420.0	0.0	1139800420.0	1139800053.0	0.0	64044268.0	7305216.0	0.006409208	60.0	61.0	0.0	123.0	123.0	0.0	35.5	0.0	0.0	0.0	0.0	0.0	0.0	0.0	100.0	0.0	0.0	0.0	0.0	5.226248484110709	15.373611265437809	0.0
S12975.Y1.E1.L1.1240k_plus.hg19.v1	19177736.0	0.0	19177736.0	1.0	19177736.0	0.0	19177736.0	0.0	0.0	0.0	0.0	1538908.0	3422309.0	0.0	0.0	0.0	1096607098.0	1096607098.0	0.0	1096607098.0	1096606825.0	0.0	95488794.0	7449658.0	0.006793372	57.0	57.0	0.0	123.0	123.0	0.0	35.6	0.0	0.0	0.0	0.0	0.0	0.0	0.0	100.0	0.0	0.0	0.0	0.0	8.024450852801394	17.845219060268636	0.0
S12976.Y1.E1.L1.1240k_plus.hg19.v1	19061552.0	0.0	19061552.0	1.0	19061552.0	0.0	19061552.0	0.0	0.0	0.0	0.0	819492.0	3302008.0	0.0	0.0	0.0	1119563282.0	1119563282.0	0.0	1119563282.0	1119562870.0	0.0	51367504.0	7467067.0	0.006669627	58.0	59.0	0.0	123.0	123.0	0.0	35.5	0.0	0.0	0.0	0.0	0.0	0.0	0.0	100.0	0.0	0.0	0.0	0.0	4.29918822979367	17.32287066656482	0.0
S12977.Y1.E1.L1.1240k_plus.hg19.v1	18699872.0	0.0	18699872.0	1.0	18699872.0	0.0	18699872.0	0.0	0.0	0.0	0.0	1044401.0	3002049.0	0.0	0.0	0.0	1113541126.0	1113541126.0	0.0	1113541126.0	1113540834.0	0.0	67421480.0	7087081.0	0.006364455	59.0	60.0	0.0	123.0	123.0	0.0	35.5	0.0	0.0	0.0	0.0	0.0	0.0	0.0	100.0	0.0	0.0	0.0	0.0	5.585070314919802	16.053847855215267	0.0
S12978.Y1.E1.L1.1240k_plus.hg19.v1	18690406.0	0.0	18690406.0	1.0	18690406.0	0.0	18690406.0	0.0	0.0	0.0	0.0	3365001.0	4532313.0	0.0	0.0	0.0	983903292.0	983903292.0	0.0	983903292.0	983902982.0	0.0	195078437.0	7515820.0	0.007638782	52.0	53.0	0.0	123.0	123.0	0.0	35.6	0.0	0.0	0.0	0.0	0.0	0.0	0.0	100.0	0.0	0.0	0.0	0.0	18.00389461844756	24.249409028353906	0.0
S13173.Y1.E1.L1.1240k_plus.hg19.v1	20537310.0	0.0	20537310.0	1.0	20537310.0	0.0	20537310.0	0.0	0.0	0.0	0.0	2706558.0	3804378.0	0.0	0.0	0.0	1149155780.0	1149155780.0	0.0	1149155780.0	1149155481.0	0.0	163117769.0	8090205.0	0.007040131	55.0	56.0	0.0	123.0	123.0	0.0	35.6	0.0	0.0	0.0	0.0	0.0	0.0	0.0	100.0	0.0	0.0	0.0	0.0	13.178736650515575	18.52422736960196	0.0
S13175.Y1.E1.L1.1240k_plus.hg19.v1	21211433.0	0.0	21211433.0	1.0	21211433.0	0.0	21211433.0	0.0	0.0	0.0	0.0	1130898.0	3393045.0	0.0	0.0	0.0	1270165340.0	1270165340.0	0.0	1270165340.0	1270164834.0	0.0	71345877.0	8415915.0	0.006625845	59.0	60.0	0.0	123.0	123.0	0.0	35.6	0.0	0.0	0.0	0.0	0.0	0.0	0.0	100.0	0.0	0.0	0.0	0.0	5.331549264021907	15.996302560039203	0.0
S13179.Y1.E1.L1.1240k_plus.hg19.v1	15715603.0	0.0	15715603.0	1.0	15715603.0	0.0	15715603.0	0.0	0.0	0.0	0.0	5356388.0	2621572.0	0.0	0.0	0.0	901491114.0	901491114.0	0.0	901491114.0	901490930.0	0.0	324103522.0	5829771.0	0.006466811	57.0	57.0	0.0	123.0	123.0	0.0	35.6	0.0	0.0	0.0	0.0	0.0	0.0	0.0	100.0	0.0	0.0	0.0	0.0	34.08324834879069	16.681332558477074	0.0
S13180.Y1.E1.L1.1240k_plus.hg19.v1	20689258.0	0.0	20689258.0	1.0	20689258.0	0.0	20689258.0	0.0	0.0	0.0	0.0	3655590.0	3874598.0	0.0	0.0	0.0	1141017125.0	1141017125.0	0.0	1141017125.0	1141016869.0	0.0	215886221.0	8050731.0	0.007055752	55.0	55.0	0.0	123.0	123.0	0.0	35.7	0.0	0.0	0.0	0.0	0.0	0.0	0.0	100.0	0.0	0.0	0.0	0.0	17.669024186367633	18.727583173838326	0.0
S13504.Y1.E1.L1.1240k_plus.hg19.v1	11306637.0	0.0	11306637.0	1.0	11306637.0	0.0	11306637.0	0.0	0.0	0.0	0.0	2428098.0	1647906.0	0.0	0.0	0.0	721316311.0	721316311.0	0.0	721316311.0	721316033.0	0.0	163207335.0	4602438.0	0.006380612	63.0	64.0	0.0	123.0	123.0	0.0	35.5	0.0	0.0	0.0	0.0	0.0	0.0	0.0	100.0	0.0	0.0	0.0	0.0	21.474979695554037	14.574678571532809	0.0
S13505.Y1.E1.L1.1240k_plus.hg19.v1	16755602.0	0.0	16755602.0	1.0	16755602.0	0.0	16755602.0	0.0	0.0	0.0	0.0	1563967.0	2887153.0	0.0	0.0	0.0	961320453.0	961320453.0	0.0	961320453.0	961320100.0	0.0	96929638.0	6431524.0	0.006690304	57.0	57.0	0.0	123.0	123.0	0.0	35.6	0.0	0.0	0.0	0.0	0.0	0.0	0.0	100.0	0.0	0.0	0.0	0.0	9.333994684285292	17.23097146852736	0.0
S13766.Y1.E1.L1.1240k_plus.hg19.v1	17772900.0	0.0	17772900.0	1.0	17772900.0	0.0	17772900.0	0.0	0.0	0.0	0.0	1747812.0	3676065.0	0.0	0.0	0.0	991497887.0	991497887.0	0.0	991497887.0	991497664.0	0.0	106303371.0	6880889.0	0.006939895	55.0	56.0	0.0	123.0	123.0	0.0	35.5	0.0	0.0	0.0	0.0	0.0	0.0	0.0	100.0	0.0	0.0	0.0	0.0	9.834140742366186	20.683540671471732	0.0
S13767.Y1.E1.L1.1240k_plus.hg19.v1	17702145.0	0.0	17702145.0	1.0	17702145.0	0.0	17702145.0	0.0	0.0	0.0	0.0	1740937.0	3414067.0	0.0	0.0	0.0	1012643743.0	1012643743.0	0.0	1012643743.0	1012643499.0	0.0	107621139.0	6928949.0	0.006842437	57.0	57.0	0.0	123.0	123.0	0.0	35.5	0.0	0.0	0.0	0.0	0.0	0.0	0.0	100.0	0.0	0.0	0.0	0.0	9.834610438452515	19.286176901160847	0.0
S13957.Y1.E2.L1.1240k_plus.hg19.v1	13966816.0	0.0	13966816.0	1.0	13966816.0	0.0	13966816.0	0.0	0.0	0.0	0.0	0.0	2523199.0	0.0	0.0	0.0	815390089.0	815390089.0	0.0	815390089.0	815389855.0	0.0	0.0	4611287.0	0.005655316	58.0	58.0	0.0	123.0	123.0	0.0	35.7	0.0	0.0	0.0	0.0	0.0	0.0	0.0	100.0	0.0	0.0	0.0	0.0	0.0	18.065670801419593	0.0
S13963.Y1.E2.L1.1240k_plus.hg19.v1	13050146.0	0.0	13050146.0	1.0	13050146.0	0.0	13050146.0	0.0	0.0	0.0	0.0	0.0	2984421.0	0.0	0.0	0.0	712948482.0	712948482.0	0.0	712948482.0	712948336.0	0.0	0.0	4552419.0	0.006385342	54.0	55.0	0.0	123.0	123.0	0.0	35.7	0.0	0.0	0.0	0.0	0.0	0.0	0.0	100.0	0.0	0.0	0.0	0.0	0.0	22.868870585815667	0.0
S13964.Y1.E2.L1.1240k_plus.hg19.v1	10505847.0	0.0	10505847.0	1.0	10505847.0	0.0	10505847.0	0.0	0.0	0.0	0.0	0.0	3082825.0	0.0	0.0	0.0	546702952.0	546702952.0	0.0	546702952.0	546702894.0	0.0	0.0	3348483.0	0.006124868	52.0	52.0	0.0	123.0	123.0	0.0	35.7	0.0	0.0	0.0	0.0	0.0	0.0	0.0	100.0	0.0	0.0	0.0	0.0	0.0	29.34389773618443	0.0
S13965.Y1.E2.L1.1240k_plus.hg19.v1	14708760.0	0.0	14708760.0	1.0	14708760.0	0.0	14708760.0	0.0	0.0	0.0	0.0	0.0	3394254.0	0.0	0.0	0.0	797666331.0	797666331.0	0.0	797666331.0	797666059.0	0.0	0.0	5303388.0	0.006648632	54.0	54.0	0.0	123.0	123.0	0.0	35.7	0.0	0.0	0.0	0.0	0.0	0.0	0.0	100.0	0.0	0.0	0.0	0.0	0.0	23.07641160777659	0.0
S14000.Y1.E1.L1.1240k_plus.hg19.v1	20034798.0	0.0	20034798.0	1.0	20034798.0	0.0	20034798.0	0.0	0.0	0.0	0.0	0.0	4021415.0	0.0	0.0	0.0	1185917032.0	1185917032.0	0.0	1185917032.0	1185916431.0	0.0	0.0	8262334.0	0.006967046	59.0	59.0	0.0	123.0	123.0	0.0	35.6	0.0	0.0	0.0	0.0	0.0	0.0	0.0	100.0	0.0	0.0	0.0	0.0	0.0	20.072151463668362	0.0
S14037.Y1.E1.L1.1240k_plus.hg19.v1	23526779.0	0.0	23526779.0	1.0	23526779.0	0.0	23526779.0	0.0	0.0	0.0	0.0	0.0	4751673.0	0.0	0.0	0.0	1338122927.0	1338122927.0	0.0	1338122927.0	1338122084.0	0.0	0.0	9533467.0	0.007124512	56.0	57.0	0.0	123.0	123.0	0.0	35.6	0.0	0.0	0.0	0.0	0.0	0.0	0.0	100.0	0.0	0.0	0.0	0.0	0.0	20.19687012829083	0.0
S14194.Y1.E1.L1.1240k_plus.hg19.v1	15824786.0	0.0	15824786.0	1.0	15824786.0	0.0	15824786.0	0.0	0.0	0.0	0.0	0.0	2982319.0	0.0	0.0	0.0	911029531.0	911029531.0	0.0	911029531.0	911029304.0	0.0	0.0	5955146.0	0.006536723	57.0	58.0	0.0	123.0	123.0	0.0	35.5	0.0	0.0	0.0	0.0	0.0	0.0	0.0	100.0	0.0	0.0	0.0	0.0	0.0	18.84587254450076	0.0
