X	19249236	0.997	10.22906653	[0.5029, 0.5472, 0.6452, 0.7568, 0.8231, 0.8991, 0.8989]
2L	4674690	0.998	11.89497538	[0.35, 0.4538, 0.7027, 0.6779, 0.7742, 0.803, 0.7656]
2L	5294735	0.998	8.57996269	[0.2704, 0.359, 0.52, 0.5913, 0.6934, 0.8115, 0.6096]
2L	6848753	0.998	8.33001705	[0.4013, 0.3802, 0.3913, 0.5269, 0.6222, 0.6311, 0.7723]
2L	7025562	0.998	17.17936603	[0.3388, 0.4478, 0.45, 0.7679, 0.8333, 0.8596, 0.9545]
2L	7124623	0.998	16.14254446	[0.3169, 0.4189, 0.36, 0.6455, 0.8696, 0.8182, 0.8846]
2L	10049671	0.998	10.41675553	[0.3386, 0.3387, 0.3636, 0.5074, 0.5625, 0.76, 0.741]
2L	10652510	0.998	17.49953296	[0.2657, 0.209, 0.3667, 0.355, 0.5217, 0.6311, 0.7727]
2L	10662058	0.998	23.65937909	[0.1176, 0.2619, 0.2791, 0.5684, 0.5687, 0.6463, 0.6352]
2L	13574098	0.998	21.94106374	[0.1693, 0.2051, 0.303, 0.518, 0.5827, 0.6349, 0.6978]
2L	14187642	0.998	16.24347355	[0.4211, 0.3496, 0.5897, 0.8009, 0.8582, 0.8045, 0.8571]
2L	14443759	0.998	12.69511117	[0.5659, 0.6577, 0.8261, 0.774, 0.9293, 0.9342, 0.9504]
2L	14443763	0.998	12.27972853	[0.5703, 0.6339, 0.7083, 0.7714, 0.9216, 0.9306, 0.9496]
2L	14854880	0.998	23.39712575	[0.2749, 0.5146, 0.5172, 0.6318, 0.8108, 0.8696, 0.8548]
2L	14854916	0.998	30.12396049	[0.2093, 0.4953, 0.5385, 0.6816, 0.7982, 0.9082, 0.864]
2L	14865174	0.998	26.73831397	[0.199, 0.3651, 0.3077, 0.6195, 0.6944, 0.7895, 0.7755]
2L	15109135	0.998	30.31075111	[0.1389, 0.3462, 0.5185, 0.4265, 0.6716, 0.7591, 0.7788]
2L	18836642	0.998	5.98003977	[0.5287, 0.5543, 0.4194, 0.6337, 0.8505, 0.8333, 0.8067]
2L	19679145	0.998	10.00562348	[0.1264, 0.1, 0.087, 0.1573, 0.2759, 0.4545, 0.4896]
2R	1139108	0.998	27.76729083	[0.1512, 0.3269, 0.4333, 0.509, 0.6288, 0.8257, 0.7965]
2R	1144554	0.998	27.27749044	[0.2526, 0.2463, 0.3333, 0.4789, 0.6968, 0.6978, 0.8269]
2R	1145218	0.998	18.91286182	[0.2174, 0.27, 0.375, 0.564, 0.6825, 0.8033, 0.7838]
2R	1145333	0.998	23.78980794	[0.1558, 0.2963, 0.3, 0.5269, 0.7287, 0.7706, 0.7843]
2R	1147993	0.998	19.87435677	[0.2013, 0.1776, 0.4286, 0.4024, 0.7232, 0.7075, 0.814]
2R	1148870	0.998	19.95833462	[0.1611, 0.1429, 0.2581, 0.4054, 0.4796, 0.732, 0.7157]
2R	1150656	0.998	25.80932511	[0.1477, 0.2778, 0.34, 0.4629, 0.7967, 0.7368, 0.7938]
2R	1157487	0.998	27.61987762	[0.1553, 0.2442, 0.3846, 0.4966, 0.6, 0.7786, 0.8605]
2R	1159942	0.998	31.6442225	[0.1667, 0.3196, 0.5676, 0.5348, 0.7304, 0.79, 0.875]
2R	1164384	0.998	8.92164437	[0.4304, 0.4639, 0.3462, 0.569, 0.7583, 0.8083, 0.8125]
2R	1165400	0.998	22.13524495	[0.3611, 0.4762, 0.6176, 0.6529, 0.869, 0.9106, 0.8993]
2R	1165481	0.998	28.8015697	[0.1888, 0.367, 0.4839, 0.6461, 0.7953, 0.8468, 0.8345]
2R	1165614	0.998	33.25857555	[0.1706, 0.2517, 0.4889, 0.4675, 0.6615, 0.7652, 0.8056]
2R	1664265	0.998	19.5493903	[0.2199, 0.3165, 0.0909, 0.4433, 0.6842, 0.7769, 0.8242]
2R	1883834	0.998	15.45913116	[0.4556, 0.4599, 0.625, 0.6923, 0.8507, 0.874, 0.8811]
2R	1883854	0.998	10.81034024	[0.5455, 0.5255, 0.6765, 0.7283, 0.8741, 0.8607, 0.8766]
2R	1883884	0.998	13.00814917	[0.5202, 0.4685, 0.7, 0.7167, 0.8433, 0.8632, 0.9007]
2R	1885958	0.998	18.66577167	[0.2781, 0.437, 0.4688, 0.5562, 0.8, 0.7423, 0.7969]
2R	2273933	0.998	21.29834237	[0.2249, 0.1562, 0.1364, 0.3333, 0.5411, 0.6391, 0.7623]
2R	3383774	0.998	8.82395003	[0.5053, 0.6277, 0.7273, 0.7, 0.8, 0.7724, 0.8482]
2R	4398507	0.998	19.22298101	[0.2384, 0.4324, 0.3571, 0.4515, 0.5794, 0.6882, 0.7795]
2R	6356137	0.998	12.33982219	[0.5928, 0.5797, 0.7037, 0.6557, 0.6953, 0.92, 0.9426]
2R	8110929	0.998	12.36719791	[0.369, 0.4196, 0.5, 0.6298, 0.7803, 0.92, 0.8182]
2R	8713662	0.998	9.66189079	[0.548, 0.5545, 0.6774, 0.8105, 0.7481, 0.9231, 0.9072]
2R	12552282	0.998	21.71056794	[0.3067, 0.4603, 0.4286, 0.713, 0.8333, 0.8537, 0.8783]
2R	15803893	0.998	6.06519683	[0.5519, 0.4138, 0.4737, 0.6146, 0.7687, 0.7895, 0.8189]
2R	18754259	0.998	11.92250003	[0.2177, 0.2453, 0.2, 0.3178, 0.5938, 0.7692, 0.6988]
2R	18768652	0.998	24.30079886	[0.1739, 0.1651, 0.1333, 0.3632, 0.6406, 0.6577, 0.8021]
2R	18786430	0.998	10.09292301	[0.4333, 0.3256, 0.2581, 0.5655, 0.656, 0.7447, 0.8316]
2R	18787659	0.998	26.24198984	[0.1594, 0.2683, 0.2812, 0.4085, 0.6754, 0.6977, 0.7348]
2R	18801837	0.998	29.41833014	[0.2739, 0.3648, 0.4286, 0.532, 0.6, 0.7155, 0.8324]
2R	18828374	0.998	17.73825592	[0.2451, 0.2353, 0.3478, 0.4927, 0.6418, 0.6942, 0.7273]
2R	18973408	0.998	20.96467383	[0.3269, 0.3471, 0.1739, 0.4951, 0.5401, 0.8031, 0.8322]
3L	7628716	0.998	6.88954843	[0.5047, 0.3942, 0.5526, 0.676, 0.7972, 0.8926, 0.7879]
3L	7824709	0.998	19.67122393	[0.2629, 0.3185, 0.4872, 0.5369, 0.6939, 0.7344, 0.7982]
3L	12073111	0.998	9.54541929	[0.5753, 0.6613, 0.7273, 0.7861, 0.9244, 0.9565, 0.9091]
3L	19979333	0.998	14.81583391	[0.1565, 0.25, 0.3243, 0.4389, 0.5046, 0.6667, 0.7297]
3L	20183021	0.998	15.92822664	[0.3333, 0.2742, 0.5417, 0.4914, 0.6454, 0.7, 0.7929]
3L	20204286	0.998	14.26148305	[0.2473, 0.3614, 0.3214, 0.4615, 0.6373, 0.7212, 0.7625]
3L	20311856	0.998	17.79665255	[0.5706, 0.6829, 0.7097, 0.8516, 0.876, 0.9612, 0.9833]
3L	20313328	0.998	5.52410155	[0.6883, 0.7089, 0.7391, 0.9012, 0.94, 1.0, 0.9405]
3L	20313337	0.998	6.8894275	[0.6335, 0.6538, 0.7143, 0.8713, 0.9057, 0.9574, 0.931]
3L	20314062	0.998	11.19223696	[0.3871, 0.5357, 0.6, 0.6531, 0.7736, 0.8173, 0.8841]
3L	20326487	0.998	16.92364012	[0.4787, 0.6241, 0.5758, 0.7167, 0.7351, 0.8667, 0.8993]
3L	20339745	0.998	13.41708027	[0.5032, 0.6154, 0.6176, 0.7882, 0.775, 0.8584, 0.9037]
3L	21130437	0.998	11.20228902	[0.4765, 0.3894, 0.4815, 0.6667, 0.7754, 0.8534, 0.8866]
X	2062923	0.998	14.88943858	[0.469, 0.5833, 0.7895, 0.8042, 0.9101, 0.875, 0.973]
X	2062948	0.998	19.77901141	[0.4367, 0.5375, 0.8, 0.7872, 0.8587, 0.901, 0.9878]
X	2063510	0.998	14.0948217	[0.4551, 0.6341, 0.6786, 0.7887, 0.8716, 0.9015, 0.9367]
X	2795111	0.998	12.98526902	[0.551, 0.6211, 0.7619, 0.9598, 0.9818, 0.9307, 0.9485]
X	6756320	0.998	25.13646053	[0.3824, 0.5364, 0.72, 0.787, 0.8205, 0.9174, 0.9355]
X	6757932	0.998	12.57452057	[0.48, 0.4634, 0.6364, 0.7105, 0.8462, 0.9174, 0.9294]
X	6762988	0.998	26.09963128	[0.3315, 0.4578, 0.6522, 0.6646, 0.8, 0.9247, 0.9667]
X	6762995	0.998	27.62154742	[0.3253, 0.4881, 0.6667, 0.6986, 0.7982, 0.9341, 0.9783]
X	7145881	0.998	11.32780411	[0.4375, 0.4184, 0.6818, 0.7434, 0.7778, 0.875, 0.8812]
X	15120243	0.998	13.9441566	[0.427, 0.6786, 0.8571, 0.8774, 0.9389, 0.9561, 0.8595]
X	15120250	0.998	17.69249518	[0.4396, 0.6549, 0.8696, 0.8841, 0.9379, 0.958, 0.9062]
X	16966819	0.998	8.69530257	[0.4716, 0.5849, 0.68, 0.694, 0.8824, 0.9274, 0.8506]
X	16967412	0.998	11.34985262	[0.5231, 0.66, 0.4815, 0.6196, 0.7652, 0.9608, 0.9072]
X	16968193	0.998	5.531849	[0.5267, 0.5385, 0.5882, 0.7143, 0.7586, 0.9468, 0.8472]
X	17446387	0.998	13.28013875	[0.4689, 0.5465, 0.6, 0.7515, 0.837, 0.9278, 0.9029]
X	17446468	0.998	15.36105779	[0.4889, 0.5844, 0.6818, 0.8, 0.8632, 0.8969, 0.9406]
X	17718240	0.998	8.75302117	[0.3221, 0.2025, 0.35, 0.3922, 0.5728, 0.8148, 0.7273]
X	18446473	0.998	10.47741146	[0.4144, 0.519, 0.375, 0.6667, 0.8485, 0.8049, 0.9412]
X	18446507	0.998	9.64435814	[0.6448, 0.5854, 0.5676, 0.7895, 0.8828, 0.9231, 0.9478]
X	19221477	0.998	10.19568154	[0.489, 0.6098, 0.5, 0.7333, 0.84, 0.906, 0.8916]
2L	14854825	0.999	24.88184761	[0.1871, 0.3882, 0.5185, 0.6087, 0.7778, 0.844, 0.8765]
2L	14855042	0.999	21.25028284	[0.2469, 0.4537, 0.6667, 0.5811, 0.7867, 0.8197, 0.819]
2R	1142508	0.999	30.92017297	[0.1818, 0.2885, 0.3226, 0.5126, 0.6975, 0.823, 0.8421]
2R	1145573	0.999	32.7156163	[0.1572, 0.2841, 0.4737, 0.5238, 0.7604, 0.7521, 0.8673]
2R	1153216	0.999	21.07227422	[0.2242, 0.252, 0.3889, 0.459, 0.7015, 0.736, 0.8137]
2R	1666406	0.999	23.64940486	[0.1176, 0.2157, 0.1667, 0.4229, 0.5905, 0.6952, 0.7565]
2R	2220211	0.999	17.73591648	[0.297, 0.2887, 0.129, 0.4875, 0.6532, 0.736, 0.8151]
2R	2315109	0.999	24.77121948	[0.2031, 0.2394, 0.3636, 0.5208, 0.7347, 0.7714, 0.8611]
2R	18765432	0.999	31.7436173	[0.1311, 0.1818, 0.1667, 0.402, 0.56, 0.6688, 0.7368]
2R	18769011	0.999	26.01098587	[0.1507, 0.2205, 0.3125, 0.4, 0.5405, 0.7464, 0.6883]
3L	7612943	0.999	23.60427742	[0.3529, 0.4733, 0.5625, 0.6833, 0.7676, 0.8029, 0.865]
X	2072318	0.999	16.35592581	[0.4628, 0.4674, 0.7667, 0.8605, 0.8879, 0.8667, 0.9314]
X	6763076	0.999	14.44879147	[0.3631, 0.4944, 0.5294, 0.6667, 0.7909, 0.8641, 0.9]
X	17438626	0.999	8.59169822	[0.4796, 0.4608, 0.4242, 0.6815, 0.7544, 0.8279, 0.8608]
X	18165210	0.999	11.83166932	[0.4189, 0.4286, 0.7333, 0.6222, 0.7732, 0.8261, 0.9104]
X	16946100	0.997	13.42187948	[0.3103, 0.3977, 0.4159, 0.6667, 0.699, 0.8451, 0.7458]
X	17245486	0.997	9.03984219	[0.3687, 0.2143, 0.3942, 0.4082, 0.5376, 0.82, 0.7917]
X	17354283	0.997	15.07314326	[0.4306, 0.6047, 0.604, 0.8, 0.9398, 0.9194, 0.89]
X	18194699	0.997	25.24402649	[0.151, 0.1923, 0.4351, 0.5541, 0.5517, 0.5072, 0.7185]
X	18342911	0.997	12.54975393	[0.4109, 0.5797, 0.6316, 0.8209, 0.7912, 0.8235, 0.8074]
X	18681144	0.997	10.14962131	[0.5896, 0.6212, 0.7714, 0.8222, 0.7879, 0.8939, 0.962]
X	18682659	0.997	22.76514676	[0.371, 0.4301, 0.7244, 0.8116, 0.7705, 0.9383, 0.9127]
X	18682948	0.997	11.20493742	[0.6398, 0.7183, 0.8281, 0.8696, 0.8429, 0.9583, 0.9796]
X	18682960	0.997	12.44871674	[0.5632, 0.6269, 0.7286, 0.8605, 0.7714, 0.9574, 0.9444]
X	18687408	0.997	17.2874417	[0.4148, 0.5657, 0.7823, 0.7885, 0.9213, 0.9444, 0.8974]
X	18687547	0.997	14.12969066	[0.5417, 0.6593, 0.7619, 0.8676, 0.8624, 0.9865, 0.9167]
X	18687630	0.997	31.22009417	[0.335, 0.6019, 0.6466, 0.8413, 0.8256, 0.9868, 0.9267]
X	18687650	0.997	23.83277222	[0.4409, 0.6735, 0.7339, 0.8571, 0.7838, 0.987, 0.9549]
X	19971515	0.997	26.92728968	[0.5234, 0.4865, 0.6452, 0.9103, 0.9533, 0.9516, 0.9929]
X	19974159	0.997	16.78096443	[0.5169, 0.5915, 0.875, 0.9512, 0.9583, 0.9375, 1.0]
X	19974654	0.997	13.38545082	[0.5992, 0.5962, 0.8374, 0.9231, 0.9057, 0.9559, 0.925]
X	20000215	0.997	16.34868027	[0.6274, 0.7356, 0.856, 0.9242, 0.8812, 0.9091, 0.9916]
X	20000350	0.997	13.18298192	[0.625, 0.6429, 0.8947, 0.913, 0.9099, 0.875, 0.9737]
X	20000430	0.997	13.26676226	[0.6477, 0.6548, 0.8547, 0.9184, 0.8824, 0.9016, 0.9825]
X	20000613	0.997	7.26653425	[0.6202, 0.6508, 0.8406, 0.9091, 0.8875, 0.918, 0.9467]
X	20494080	0.997	16.91465344	[0.4525, 0.59, 0.6364, 0.6747, 0.7525, 0.7619, 0.8639]
X	20524351	0.997	35.84311456	[0.2907, 0.5, 0.6016, 0.7273, 0.8119, 0.8974, 0.9161]
2L	3054953	0.998	17.66962149	[0.2984, 0.2826, 0.4966, 0.6667, 0.6777, 0.7683, 0.807]
2L	3054992	0.998	20.98744954	[0.2582, 0.3367, 0.461, 0.6173, 0.7034, 0.8133, 0.8099]
2L	3055673	0.998	16.39583652	[0.3408, 0.3462, 0.5, 0.5, 0.6991, 0.6974, 0.7955]
2R	133089	0.998	26.8017441	[0.0325, 0.0777, 0.1589, 0.2321, 0.3862, 0.4463, 0.4492]
3L	1091019	0.998	24.08998801	[0.271, 0.3068, 0.2937, 0.5488, 0.6935, 0.837, 0.8509]
3L	1093990	0.998	19.65685182	[0.16, 0.2, 0.3462, 0.4561, 0.6034, 0.8219, 0.6597]
3L	1097153	0.998	38.93580505	[0.1275, 0.266, 0.3117, 0.4568, 0.6923, 0.7738, 0.7962]
3L	1108069	0.998	15.22385795	[0.2146, 0.1828, 0.2986, 0.4384, 0.6277, 0.7528, 0.6614]
3L	1108104	0.998	2.85327345	[0.6406, 0.5301, 0.5299, 0.56, 0.8455, 0.9036, 0.8115]
3L	1481869	0.998	25.4232141	[0.2438, 0.1881, 0.3415, 0.4419, 0.6583, 0.7778, 0.8129]
3L	1491332	0.998	5.52022971	[0.5161, 0.4419, 0.5146, 0.6053, 0.8495, 0.8734, 0.8214]
3L	1557551	0.998	24.45948503	[0.2648, 0.3238, 0.5338, 0.5556, 0.7172, 0.6697, 0.7987]
3L	2261993	0.998	8.54315583	[0.3348, 0.1961, 0.3697, 0.378, 0.566, 0.7263, 0.6471]
3L	3917030	0.998	12.28428883	[0.5211, 0.5096, 0.7623, 0.7941, 0.83, 0.8986, 0.8828]
3L	3917111	0.998	4.60342403	[0.6111, 0.5714, 0.784, 0.9057, 0.9346, 0.908, 0.8407]
3L	4029991	0.998	18.3203644	[0.4317, 0.3962, 0.4511, 0.5424, 0.75, 0.8451, 0.8881]
3L	4536959	0.998	24.16174638	[0.2678, 0.4545, 0.6776, 0.6889, 0.7874, 0.7436, 0.8028]
3L	4590917	0.998	18.15590658	[0.4678, 0.595, 0.695, 0.77, 0.8382, 0.9192, 0.8848]
3L	4822022	0.998	27.21971776	[0.1313, 0.1818, 0.4551, 0.6061, 0.561, 0.6667, 0.7176]
3L	4826426	0.998	13.5543968	[0.2597, 0.3855, 0.625, 0.6207, 0.6204, 0.7222, 0.7625]
3L	4827920	0.998	17.9888444	[0.2378, 0.2558, 0.5514, 0.7021, 0.7011, 0.716, 0.814]
3L	4828678	0.998	16.46837826	[0.3107, 0.4455, 0.7007, 0.7561, 0.7545, 0.8375, 0.7937]
3L	4828811	0.998	29.49659816	[0.2459, 0.3294, 0.6267, 0.6027, 0.576, 0.7609, 0.8153]
3L	4830561	0.998	30.89692627	[0.2857, 0.3878, 0.6269, 0.7455, 0.7692, 0.7808, 0.8951]
3L	4830571	0.998	27.28730682	[0.2974, 0.4412, 0.6417, 0.7719, 0.7653, 0.8356, 0.8725]
3L	4830577	0.998	30.43842039	[0.2766, 0.4433, 0.6639, 0.7963, 0.7742, 0.8333, 0.8897]
3L	4843162	0.998	14.20376787	[0.3333, 0.3656, 0.504, 0.5875, 0.6847, 0.7927, 0.7803]
3L	5953611	0.998	16.10546308	[0.4975, 0.53, 0.7168, 0.7812, 0.7712, 0.7978, 0.9085]
3L	5954811	0.998	15.14778325	[0.4894, 0.5, 0.7667, 0.7419, 0.7951, 0.8916, 0.8966]
3L	6212621	0.998	12.373207	[0.5897, 0.6327, 0.7479, 0.7711, 0.7843, 0.9259, 0.9252]
3L	6212657	0.998	7.18087498	[0.7452, 0.7273, 0.9, 0.9146, 0.958, 0.9375, 0.9565]
3L	6212779	0.998	7.99759446	[0.5874, 0.6374, 0.6434, 0.8095, 0.7708, 0.942, 0.9101]
3L	6359232	0.998	15.19149147	[0.2, 0.404, 0.4648, 0.5926, 0.7111, 0.7955, 0.6299]
3L	7425226	0.998	20.08070423	[0.5207, 0.5275, 0.672, 0.8, 0.9535, 0.9048, 0.9762]
3L	7455432	0.998	27.80112843	[0.2406, 0.2981, 0.3846, 0.534, 0.7154, 0.7647, 0.7831]
3L	7457956	0.998	9.08454091	[0.2422, 0.3421, 0.4299, 0.54, 0.7596, 0.7397, 0.6712]
3L	21593108	0.998	22.64385677	[0.3112, 0.2929, 0.5172, 0.7903, 0.7778, 0.8571, 0.8478]
3L	21858276	0.998	15.55171571	[0.3152, 0.38, 0.48, 0.6441, 0.7477, 0.6429, 0.8108]
X	1747307	0.998	15.29820344	[0.6055, 0.6076, 0.8073, 0.9138, 0.8817, 0.9583, 0.9746]
X	2356740	0.998	13.88041142	[0.3271, 0.4602, 0.6111, 0.6667, 0.7664, 0.7949, 0.7581]
X	2822830	0.998	14.86057437	[0.1487, 0.2745, 0.4409, 0.5581, 0.6125, 0.7292, 0.6765]
X	2824153	0.998	12.31568234	[0.248, 0.2, 0.597, 0.6875, 0.8395, 0.8776, 0.7778]
X	3134542	0.998	11.64228226	[0.588, 0.6374, 0.633, 0.7647, 0.8991, 0.931, 0.9304]
X	3416884	0.998	28.56169337	[0.1613, 0.4, 0.6415, 0.697, 0.79, 0.9286, 0.8411]
X	3417719	0.998	21.06281748	[0.1239, 0.2692, 0.4715, 0.5, 0.6508, 0.6957, 0.6389]
X	3898064	0.998	15.53231944	[0.2579, 0.3889, 0.6122, 0.6545, 0.8161, 0.7945, 0.767]
X	4203810	0.998	23.29084046	[0.2159, 0.3378, 0.5495, 0.6032, 0.6598, 0.7973, 0.7794]
X	4246177	0.998	11.1108822	[0.4679, 0.4787, 0.6336, 0.6154, 0.7731, 0.8354, 0.8239]
X	4892282	0.998	19.78324583	[0.3787, 0.6506, 0.8741, 0.8214, 0.932, 0.8481, 0.902]
X	5569600	0.998	8.76789832	[0.4728, 0.4459, 0.6957, 0.7843, 0.8247, 0.9032, 0.8537]
X	5940929	0.998	18.79168908	[0.3762, 0.4675, 0.7434, 0.7143, 0.7778, 1.0, 0.8839]
X	8056322	0.998	9.34291051	[0.5028, 0.557, 0.6916, 0.8919, 0.8929, 0.8909, 0.8687]
X	11757496	0.998	8.34950893	[0.5241, 0.5789, 0.6702, 0.6538, 0.8068, 0.8864, 0.9]
X	11758705	0.998	10.11494641	[0.4895, 0.4933, 0.6667, 0.6136, 0.7889, 0.8143, 0.9054]
X	15957337	0.998	8.51534928	[0.7772, 0.7895, 0.8585, 0.9483, 0.9636, 0.9867, 1.0]
X	15985753	0.998	19.8571238	[0.3769, 0.5268, 0.6395, 0.6196, 0.7353, 0.8171, 0.8272]
X	16453451	0.998	6.05914597	[0.481, 0.3117, 0.3301, 0.3396, 0.7474, 0.7833, 0.7789]
X	16944978	0.998	12.93188837	[0.3081, 0.314, 0.3676, 0.5, 0.6379, 0.8548, 0.7355]
X	17244040	0.998	11.55279773	[0.3594, 0.3846, 0.4732, 0.7115, 0.6883, 0.8387, 0.7778]
X	17246275	0.998	16.69001975	[0.1595, 0.197, 0.2222, 0.3889, 0.4928, 0.7368, 0.6804]
X	18185617	0.998	22.39658403	[0.3392, 0.3564, 0.48, 0.7857, 0.825, 0.8571, 0.8616]
X	18687360	0.998	19.63374416	[0.383, 0.5214, 0.7333, 0.8205, 0.8447, 0.961, 0.8926]
X	18687374	0.998	25.94919504	[0.2667, 0.4681, 0.72, 0.803, 0.8539, 0.9429, 0.8879]
X	18687411	0.998	26.31444307	[0.2768, 0.4286, 0.6613, 0.7885, 0.8824, 0.9429, 0.8908]
X	18687556	0.998	23.12587575	[0.356, 0.6444, 0.7398, 0.8429, 0.8333, 0.9867, 0.8865]
X	18687671	0.998	21.94315114	[0.441, 0.6078, 0.6885, 0.8814, 0.7722, 1.0, 0.9449]
X	18687674	0.998	28.19174197	[0.3367, 0.4571, 0.6532, 0.8814, 0.7468, 1.0, 0.935]
X	18687765	0.998	22.33586068	[0.3388, 0.3881, 0.6832, 0.8095, 0.8171, 0.9194, 0.9143]
X	19971687	0.998	18.10835761	[0.641, 0.7159, 0.7574, 0.8904, 0.9664, 0.9634, 0.9928]
3L	1481899	0.999	25.46061874	[0.255, 0.1961, 0.3188, 0.4881, 0.7099, 0.8289, 0.8194]
3L	1483259	0.999	18.80505486	[0.2088, 0.2286, 0.3433, 0.5312, 0.8261, 0.8333, 0.8636]
3L	1557568	0.999	22.30632094	[0.2643, 0.3158, 0.4851, 0.6023, 0.7434, 0.7129, 0.7785]
3L	1557626	0.999	25.12697868	[0.2906, 0.3866, 0.4697, 0.55, 0.7273, 0.7604, 0.8299]
3L	4830558	0.999	27.18715792	[0.2864, 0.4021, 0.6279, 0.7273, 0.7757, 0.7746, 0.863]
X	3163503	0.999	15.5338324	[0.5436, 0.5625, 0.6491, 0.7097, 0.9135, 0.9677, 0.9398]
X	18687358	0.999	27.6230932	[0.2775, 0.4159, 0.6721, 0.8125, 0.8544, 0.9589, 0.888]
X	18687395	0.999	25.027803	[0.2682, 0.396, 0.6574, 0.7857, 0.8953, 0.9275, 0.8761]
X	19973683	0.999	22.89360321	[0.5586, 0.6, 0.7541, 0.9483, 0.9302, 0.987, 1.0]
3L	7179642	0.997	11.95295467	[0.5323, 0.6609, 0.7907, 0.931, 0.9818, 0.9314, 0.9216]
3L	7180904	0.997	16.95054842	[0.3725, 0.4638, 0.5867, 0.6406, 0.8876, 0.9178, 0.9821]
3L	7181322	0.997	15.29997888	[0.4256, 0.4862, 0.6667, 0.7593, 0.8345, 0.883, 0.8783]
3L	7181528	0.997	17.73834958	[0.5222, 0.641, 0.9016, 0.8875, 0.9403, 0.9, 0.9466]
3L	7181529	0.997	13.35941745	[0.4952, 0.5859, 0.7105, 0.7129, 0.8514, 0.8495, 0.8806]
3L	7181802	0.997	20.40990711	[0.3962, 0.4386, 0.5714, 0.6429, 0.838, 0.9355, 0.8931]
3L	7722350	0.997	10.16134734	[0.3972, 0.4505, 0.4568, 0.625, 0.8087, 0.7444, 0.8]
3L	8906221	0.997	6.6588351	[0.4929, 0.424, 0.6296, 0.7093, 0.806, 0.8864, 0.7833]
3L	8906524	0.997	9.54902283	[0.4971, 0.5196, 0.6111, 0.7093, 0.7845, 0.8916, 0.8654]
3L	9223087	0.997	13.23796137	[0.5665, 0.5565, 0.6667, 0.8041, 0.877, 0.9012, 0.9592]
3L	9381586	0.997	7.91626319	[0.4171, 0.3333, 0.5333, 0.5244, 0.6019, 0.7564, 0.8281]
3L	9666202	0.997	6.81210765	[0.52, 0.4952, 0.6023, 0.7674, 0.7706, 0.8621, 0.8404]
3L	10889278	0.997	13.01639801	[0.7358, 0.6371, 0.7907, 0.883, 0.9236, 0.9574, 1.0]
3L	11163602	0.997	5.18793892	[0.2407, 0.1695, 0.2889, 0.4583, 0.4868, 0.6875, 0.6071]
3L	14888377	0.997	10.01149682	[0.2663, 0.3723, 0.473, 0.5574, 0.6907, 0.8095, 0.7246]
3L	18953184	0.997	14.64120787	[0.2742, 0.3542, 0.6825, 0.5957, 0.629, 0.6598, 0.7524]
3L	19475883	0.997	9.82558001	[0.2922, 0.3222, 0.4098, 0.3333, 0.6796, 0.7027, 0.7097]
3L	20900898	0.997	7.47383495	[0.6173, 0.6505, 0.7534, 0.8644, 0.7573, 0.8556, 0.9158]
X	2431056	0.997	18.03719322	[0.2897, 0.4048, 0.5789, 0.6833, 0.809, 0.7541, 0.8861]
X	4480428	0.997	7.24678153	[0.1908, 0.2571, 0.3878, 0.4681, 0.7532, 0.6308, 0.5634]
X	4731835	0.997	4.45613234	[0.7535, 0.8113, 0.878, 0.9268, 0.9655, 1.0, 1.0]
X	5042339	0.997	11.70124951	[0.226, 0.3125, 0.6528, 0.629, 0.6712, 0.7639, 0.7377]
X	5042511	0.997	10.19236295	[0.3133, 0.4133, 0.5714, 0.5208, 0.6623, 0.7705, 0.7733]
X	6448118	0.997	6.37305341	[0.6037, 0.7042, 0.8182, 0.697, 0.8652, 0.8594, 0.9091]
X	6688159	0.997	10.58603619	[0.125, 0.04, 0.0233, 0.3019, 0.4483, 0.625, 0.5652]
X	8066975	0.997	7.57320052	[0.5743, 0.5526, 0.8596, 0.8472, 0.8077, 0.8861, 0.8953]
X	8066998	0.997	9.14809774	[0.5514, 0.6, 0.8958, 0.7742, 0.7945, 0.8857, 0.9157]
X	8067002	0.997	10.50360273	[0.5596, 0.6173, 0.898, 0.7705, 0.7945, 0.8947, 0.9398]
X	8329102	0.997	8.49003574	[0.7041, 0.7576, 0.8571, 0.9508, 0.8025, 0.9508, 1.0]
X	8329145	0.997	10.11615677	[0.6936, 0.7143, 0.7931, 0.9423, 0.8523, 0.9701, 1.0]
X	8329172	0.997	7.14700228	[0.7625, 0.7297, 0.8, 0.9286, 0.8723, 0.9701, 1.0]
X	11371977	0.997	13.14461088	[0.4388, 0.4655, 0.7143, 0.8182, 0.8553, 0.8689, 0.9333]
X	13531756	0.997	9.07356309	[0.6667, 0.7955, 0.913, 0.88, 1.0, 1.0, 1.0]
X	13535985	0.997	5.54567904	[0.7727, 0.7869, 0.7736, 0.8571, 0.875, 1.0, 1.0]
X	13558279	0.997	12.07909154	[0.3158, 0.2388, 0.3833, 0.5094, 0.7419, 0.7288, 0.8333]
X	13646133	0.997	11.65227748	[0.3943, 0.4, 0.413, 0.5818, 0.7037, 0.8125, 0.837]
X	13963793	0.997	12.57851067	[0.3708, 0.2209, 0.3548, 0.431, 0.7667, 0.7188, 0.8649]
X	13964449	0.997	15.80332717	[0.4233, 0.2619, 0.4545, 0.4918, 0.6277, 0.6481, 0.913]
X	13965908	0.997	5.07836709	[0.5, 0.382, 0.3621, 0.5714, 0.6753, 0.7258, 0.8226]
X	13966067	0.997	6.76581216	[0.5135, 0.35, 0.3548, 0.425, 0.5867, 0.7917, 0.9038]
X	14184090	0.997	4.63470816	[0.6168, 0.7024, 0.5957, 0.7895, 0.7209, 0.8923, 0.8873]
X	15001972	0.997	11.79106276	[0.4904, 0.6184, 0.6429, 0.8776, 0.7766, 0.8657, 0.89]
X	16354742	0.997	7.90482292	[0.3553, 0.3883, 0.2727, 0.4242, 0.5579, 0.6528, 0.7059]
X	16850357	0.997	10.04212594	[0.3357, 0.2143, 0.4237, 0.6512, 0.7059, 0.7705, 0.7805]
X	17406080	0.997	8.66291968	[0.4533, 0.3881, 0.4182, 0.6667, 0.6753, 0.88, 0.8852]
X	17475508	0.997	7.19724937	[0.5449, 0.4302, 0.5957, 0.6974, 0.6566, 0.9167, 0.9]
X	18966539	0.997	6.01723528	[0.5872, 0.4211, 0.6154, 0.7333, 0.9524, 0.825, 0.9444]
X	18966976	0.997	11.31298732	[0.4931, 0.5672, 0.6667, 0.661, 0.8889, 0.9434, 0.9437]
2L	674335	0.998	9.2909769	[0.4481, 0.4861, 0.4333, 0.6667, 0.7692, 0.7241, 0.8806]
2L	8572381	0.998	11.69846977	[0.3029, 0.4773, 0.4118, 0.6353, 0.8273, 0.8395, 0.7474]
2L	9960733	0.998	15.4842205	[0.5135, 0.6514, 0.7887, 0.7831, 0.8611, 0.9651, 0.9339]
2L	9961861	0.998	12.10046892	[0.5054, 0.567, 0.7576, 0.9222, 0.8621, 0.9552, 0.8957]
2L	13066354	0.998	6.93778939	[0.4192, 0.4095, 0.7531, 0.732, 0.839, 0.7526, 0.7143]
2L	17417870	0.998	11.85462984	[0.7214, 0.7521, 0.8806, 0.9643, 1.0, 1.0, 1.0]
2L	17417970	0.998	8.51498749	[0.75, 0.7742, 0.8906, 0.9118, 1.0, 1.0, 1.0]
2R	2262151	0.998	11.30689744	[0.6636, 0.6613, 0.7703, 0.8144, 0.9113, 0.987, 0.973]
2R	9858117	0.998	4.39821245	[0.6923, 0.6, 0.8286, 0.8551, 0.8991, 0.9444, 0.9231]
2R	10799786	0.998	7.95711421	[0.4755, 0.5526, 0.5397, 0.6, 0.8571, 0.8987, 0.8966]
2R	11536097	0.998	10.47806784	[0.6241, 0.686, 0.6724, 0.791, 0.8649, 0.9506, 0.9778]
2R	12073883	0.998	16.03521073	[0.3743, 0.4091, 0.6829, 0.5517, 0.7213, 0.8257, 0.8679]
2R	18259532	0.998	10.79834181	[0.4453, 0.5952, 0.64, 0.9079, 0.8469, 1.0, 0.913]
3L	2194685	0.998	14.01701458	[0.4739, 0.5941, 0.6866, 0.8125, 0.8684, 0.908, 0.9222]
3L	2195110	0.998	12.66440855	[0.4762, 0.534, 0.6875, 0.7816, 0.8609, 0.8478, 0.9176]
3L	2304900	0.998	10.36422186	[0.3382, 0.3731, 0.7, 0.8551, 0.8081, 0.8148, 0.7882]
3L	2305149	0.998	11.72291669	[0.2673, 0.2523, 0.6098, 0.6636, 0.7107, 0.7767, 0.6893]
3L	2305151	0.998	13.11171985	[0.24, 0.2685, 0.6, 0.6636, 0.7154, 0.7619, 0.6857]
3L	7179501	0.998	14.34926415	[0.3864, 0.5052, 0.5312, 0.6986, 0.8983, 0.8551, 0.8646]
3L	7179969	0.998	15.03909954	[0.52, 0.6827, 0.7778, 0.9213, 0.9439, 0.939, 0.9592]
3L	7189601	0.998	12.20534918	[0.2267, 0.4231, 0.5333, 0.5833, 0.6559, 0.8167, 0.7215]
3L	9223086	0.998	12.55927595	[0.5792, 0.5752, 0.6988, 0.8229, 0.8833, 0.9, 0.9588]
3L	10275113	0.998	18.92464246	[0.3431, 0.3204, 0.4576, 0.5647, 0.7791, 0.9273, 0.9474]
3L	10679981	0.998	16.88043838	[0.3571, 0.2796, 0.5128, 0.5738, 0.6111, 0.8235, 0.9315]
3L	10816944	0.998	15.31464772	[0.4078, 0.5301, 0.6883, 0.7143, 0.8037, 0.9114, 0.875]
3L	14899864	0.998	11.99902021	[0.375, 0.3711, 0.5846, 0.5857, 0.6518, 0.7286, 0.8553]
X	2431036	0.998	15.22607098	[0.2411, 0.3521, 0.5192, 0.6667, 0.7901, 0.7143, 0.8333]
X	2431088	0.998	13.31472801	[0.338, 0.4658, 0.6, 0.6935, 0.8395, 0.8545, 0.8714]
X	2438245	0.998	13.67760508	[0.3401, 0.2771, 0.5484, 0.7727, 0.7432, 0.7714, 0.8966]
X	4731818	0.998	5.03429355	[0.7394, 0.8, 0.8462, 0.9149, 0.9639, 0.9818, 1.0]
X	5041506	0.998	16.57024439	[0.2216, 0.4333, 0.58, 0.5088, 0.6809, 0.7692, 0.8182]
X	8215094	0.998	14.45195098	[0.1138, 0.3725, 0.5556, 0.5806, 0.6667, 0.8148, 0.8438]
X	8215101	0.998	15.35788296	[0.1148, 0.3654, 0.5769, 0.5294, 0.6471, 0.7857, 0.8529]
X	8329144	0.998	10.05438822	[0.6932, 0.7143, 0.7857, 0.9444, 0.8621, 0.9565, 1.0]
X	13646789	0.998	14.04876296	[0.3818, 0.4062, 0.5172, 0.6333, 0.7317, 0.7656, 0.8947]
X	13961352	0.998	14.54781345	[0.4277, 0.3333, 0.3, 0.5625, 0.7143, 0.7576, 0.9545]
X	13964665	0.998	14.6860002	[0.383, 0.4107, 0.4324, 0.5581, 0.746, 0.8333, 0.9643]
X	13965619	0.998	6.38201402	[0.5232, 0.3523, 0.4314, 0.5085, 0.75, 0.807, 0.8696]
X	14064780	0.998	13.1586615	[0.3963, 0.36, 0.5094, 0.629, 0.6829, 0.7705, 0.8933]
X	14064794	0.998	9.78953031	[0.4099, 0.3824, 0.5, 0.5962, 0.7229, 0.8333, 0.8493]
X	14064814	0.998	12.75392987	[0.436, 0.403, 0.4565, 0.5763, 0.7412, 0.8305, 0.883]
X	14064833	0.998	10.29577945	[0.5092, 0.4615, 0.4921, 0.5088, 0.7778, 0.871, 0.9011]
X	18966537	0.998	9.02858497	[0.4882, 0.3636, 0.5714, 0.6471, 0.913, 0.8333, 0.9434]
X	18966538	0.998	8.95988826	[0.4961, 0.3485, 0.5714, 0.6471, 0.9091, 0.8333, 0.9444]
2L	12971788	0.999	8.49356551	[0.5026, 0.3793, 0.5952, 0.8462, 0.8165, 0.8367, 0.8621]
2R	669995	0.999	8.39450827	[0.3524, 0.3826, 0.6588, 0.7979, 0.7667, 0.8111, 0.7071]
3L	1926866	0.999	7.04493742	[0.2797, 0.3239, 0.4286, 0.5556, 0.7264, 0.7922, 0.6825]
3L	7141335	0.999	16.64599235	[0.4457, 0.3077, 0.5333, 0.5811, 0.8218, 0.9365, 0.9293]
3L	7141413	0.999	20.8297179	[0.4503, 0.402, 0.3699, 0.6081, 0.8713, 0.9467, 0.9512]
3L	7141602	0.999	14.95086074	[0.4491, 0.3267, 0.3125, 0.5, 0.8163, 0.8429, 0.9126]
3L	7179709	0.999	22.1471528	[0.3679, 0.4298, 0.5085, 0.7159, 0.9403, 0.866, 0.9388]
X	20051793	0.999	12.51378624	[0.3659, 0.5068, 0.7209, 0.7536, 0.8987, 0.963, 0.8983]
2R	5691758	0.999	10.65989931	[0.2314, 0.25, 0.3582, 0.3977, 0.5532, 0.7683, 0.6818]
2R	10795732	0.999	22.85823271	[0.3322, 0.2716, 0.4061, 0.6154, 0.7647, 0.8333, 0.9032]
2R	10795786	0.999	15.28256782	[0.4371, 0.3514, 0.5155, 0.5904, 0.7798, 0.8681, 0.907]
2R	10798160	0.999	16.09308223	[0.5931, 0.4639, 0.6198, 0.7302, 0.8861, 0.963, 1.0]
2R	10798700	0.999	8.92187071	[0.5966, 0.4603, 0.5556, 0.7333, 0.8832, 0.9718, 0.9821]
2R	10799786	0.999	7.54371786	[0.5911, 0.4262, 0.5546, 0.6949, 0.944, 0.9529, 0.92]
3L	1517083	0.999	15.81571456	[0.2167, 0.2143, 0.4874, 0.5455, 0.7647, 0.8023, 0.8036]
3L	1556181	0.999	12.53486792	[0.4814, 0.6719, 0.782, 0.8429, 0.8741, 0.9268, 0.9125]
3L	1557010	0.999	10.65679972	[0.5285, 0.5469, 0.7652, 0.95, 0.9333, 0.973, 0.9524]
3L	1557551	0.999	22.93438181	[0.3175, 0.5349, 0.646, 0.7108, 0.9, 0.9304, 0.8947]
3L	1559723	0.999	13.47097267	[0.4065, 0.5556, 0.6822, 0.9474, 0.9028, 0.9359, 0.96]
3L	1560460	0.999	15.86714874	[0.3493, 0.5, 0.6465, 0.8511, 0.8689, 0.913, 0.9322]
3L	1562989	0.999	15.733464	[0.4378, 0.5758, 0.6847, 0.7963, 0.8605, 0.8202, 0.9351]
3L	1563964	0.999	24.88836919	[0.2757, 0.527, 0.5692, 0.5946, 0.7811, 0.8404, 0.8889]
3L	1564003	0.999	22.36074202	[0.3356, 0.5357, 0.6557, 0.7273, 0.7923, 0.8842, 0.9351]
3L	1564108	0.999	17.18338798	[0.4126, 0.4045, 0.6258, 0.7361, 0.7927, 0.8349, 0.9022]
3L	1573042	0.999	17.60353525	[0.4163, 0.5, 0.6612, 0.7246, 0.845, 0.88, 0.9398]
3L	4491962	0.999	8.46063934	[0.5074, 0.6735, 0.8351, 0.8983, 0.9478, 0.9565, 0.9388]
3L	5694160	0.999	24.58597604	[0.1894, 0.25, 0.5039, 0.6481, 0.782, 0.7674, 0.8182]
3L	5708976	0.999	30.60221616	[0.2375, 0.28, 0.4462, 0.6389, 0.7384, 0.766, 0.9053]
3L	5711067	0.999	29.17121483	[0.208, 0.2, 0.4684, 0.7191, 0.7313, 0.7978, 0.8431]
3L	5722892	0.999	23.12509863	[0.2685, 0.3, 0.5161, 0.7528, 0.7821, 0.8352, 0.8636]
3L	5733325	0.999	25.79697892	[0.2429, 0.2143, 0.554, 0.6613, 0.741, 0.7632, 0.8667]
3L	5740594	0.999	9.73721603	[0.6331, 0.4868, 0.823, 0.975, 0.9613, 0.9889, 0.9733]
3L	11404031	0.999	17.47464619	[0.2907, 0.2405, 0.4809, 0.8103, 0.7388, 0.7957, 0.7979]
3L	11405241	0.999	12.08828921	[0.3448, 0.3043, 0.5984, 0.6939, 0.7719, 0.7397, 0.8462]
3L	11458842	0.999	18.8501536	[0.2443, 0.3977, 0.6406, 0.6957, 0.6954, 0.8352, 0.8052]
3L	12892666	0.999	8.42745496	[0.4015, 0.4375, 0.6552, 0.7818, 0.8286, 0.6932, 0.7867]
3L	12916716	0.999	6.59526232	[0.3249, 0.2778, 0.4434, 0.6667, 0.7987, 0.8261, 0.7838]
3L	13142869	0.999	18.17980028	[0.1684, 0.1685, 0.3577, 0.4754, 0.702, 0.6735, 0.7353]
3L	13179612	0.999	7.69092649	[0.5708, 0.619, 0.6705, 0.8197, 0.875, 0.9571, 0.9155]
3L	13216612	0.999	5.50226011	[0.6037, 0.6522, 0.6941, 0.878, 1.0, 0.9778, 0.973]
3L	13838985	0.999	23.72791674	[0.0524, 0.0375, 0.1597, 0.3582, 0.6648, 0.6667, 0.6508]
3L	13910090	0.999	17.17470834	[0.3656, 0.3434, 0.5424, 0.7381, 0.8387, 0.7711, 0.8431]
3L	14019302	0.999	13.6431626	[0.2761, 0.2872, 0.5504, 0.5843, 0.7514, 0.7473, 0.7303]
3L	14030142	0.999	19.66018167	[0.2923, 0.3836, 0.6621, 0.8143, 0.7907, 0.8624, 0.8506]
3L	14078409	0.999	17.82428222	[0.2686, 0.3656, 0.4247, 0.5846, 0.7911, 0.798, 0.8101]
3L	14202065	0.999	27.13761564	[0.2122, 0.2571, 0.4194, 0.5663, 0.7161, 0.8182, 0.8539]
3L	14203436	0.999	48.25404168	[0.1451, 0.1414, 0.4, 0.6486, 0.7418, 0.8485, 0.9231]
3L	14209638	0.999	18.2699158	[0.1078, 0.1071, 0.386, 0.6923, 0.92, 0.8, 0.9167]
3L	14242497	0.999	19.73165875	[0.2254, 0.2812, 0.3525, 0.5758, 0.7226, 0.6923, 0.7791]
3L	14587021	0.999	29.83502095	[0.2983, 0.4318, 0.4752, 0.7067, 0.8249, 0.7706, 0.888]
3L	14708915	0.999	21.61863262	[0.2672, 0.2927, 0.4264, 0.7867, 0.76, 0.7396, 0.8283]
3L	14712891	0.999	13.68611332	[0.2099, 0.1923, 0.3419, 0.6897, 0.6054, 0.6933, 0.6933]
3L	14713343	0.999	31.77871011	[0.146, 0.1412, 0.376, 0.5833, 0.6813, 0.6883, 0.7938]
3L	14723968	0.999	21.50345715	[0.179, 0.1186, 0.512, 0.6731, 0.7328, 0.7532, 0.8727]
3L	14724802	0.999	20.1180831	[0.4334, 0.4271, 0.5629, 0.8406, 0.8616, 0.8889, 0.9462]
3L	14728223	0.999	14.58746178	[0.3636, 0.403, 0.5545, 0.7547, 0.8538, 0.8986, 0.9273]
3L	14729024	0.999	19.63655916	[0.3429, 0.3521, 0.5191, 0.6226, 0.7868, 0.8116, 0.9048]
3L	16212123	0.999	20.7344557	[0.52, 0.6118, 0.6648, 0.8462, 0.918, 0.9518, 0.9804]
3L	16212561	0.999	23.19233293	[0.509, 0.551, 0.6376, 0.8587, 0.9375, 0.9727, 0.968]
3L	16214900	0.999	9.45614158	[0.4847, 0.6, 0.6456, 0.7917, 0.9496, 1.0, 1.0]
3L	16215576	0.999	10.15274807	[0.4979, 0.5909, 0.7097, 0.9412, 0.9449, 0.9857, 0.96]
3L	16215749	0.999	15.19236788	[0.5016, 0.5854, 0.6259, 0.7875, 0.9458, 0.9885, 0.9216]
3L	16215751	0.999	14.01124227	[0.5083, 0.5974, 0.6276, 0.7792, 0.9281, 0.9885, 0.9184]
3L	17647850	0.999	16.64529337	[0.5018, 0.5165, 0.8418, 0.837, 0.9012, 0.9, 0.9292]
3L	17647952	0.999	32.22979127	[0.3503, 0.4471, 0.7203, 0.7722, 0.905, 0.8913, 0.9709]
3L	18252809	0.999	13.56245165	[0.2161, 0.3077, 0.2824, 0.569, 0.6667, 0.6923, 0.6742]
3L	18606954	0.999	11.67911338	[0.375, 0.4444, 0.563, 0.6923, 0.8108, 0.8395, 0.8889]
3L	18607580	0.999	18.49000074	[0.415, 0.5588, 0.5676, 0.7581, 0.8788, 0.875, 0.9302]
3L	18610397	0.999	15.53663741	[0.4048, 0.4286, 0.5109, 0.803, 0.7554, 0.7625, 0.9103]
3L	18613292	0.999	21.6172916	[0.3306, 0.339, 0.6931, 0.78, 0.8784, 0.9032, 0.9831]
3L	18615156	0.999	22.41302776	[0.2696, 0.3429, 0.5761, 0.7391, 0.7091, 0.8636, 0.8916]
3L	18620924	0.999	20.89453041	[0.3701, 0.5278, 0.627, 0.8056, 0.8042, 0.8916, 0.9213]
3L	18634261	0.999	15.40495843	[0.3282, 0.5385, 0.8037, 0.8611, 0.8467, 0.9143, 0.8676]
3L	18635496	0.999	11.99426238	[0.3626, 0.5147, 0.6952, 0.7581, 0.8889, 0.88, 0.8462]
3L	18645797	0.999	16.3152054	[0.5032, 0.5417, 0.6284, 0.6234, 0.8121, 0.9109, 0.9545]
3L	18983653	0.999	11.22555228	[0.3785, 0.4182, 0.7, 0.7885, 0.8514, 0.925, 0.8636]
3L	18983826	0.999	10.85004564	[0.4146, 0.3971, 0.6364, 0.7692, 0.881, 0.8649, 0.9107]
3L	18983873	0.999	17.89311067	[0.2965, 0.338, 0.5714, 0.7097, 0.8699, 0.8298, 0.8667]
3L	18983878	0.999	17.74168356	[0.3084, 0.3478, 0.5882, 0.7143, 0.8633, 0.8646, 0.8642]
3L	18984641	0.999	14.85673479	[0.3737, 0.4038, 0.7, 0.8039, 0.931, 0.8987, 0.8447]
3L	18990120	0.999	15.09497673	[0.3067, 0.3205, 0.4286, 0.7931, 0.925, 0.7576, 0.8689]
3L	18993397	0.999	13.66466636	[0.2979, 0.2787, 0.4646, 0.6719, 0.7681, 0.8442, 0.7805]
3L	19182265	0.999	6.98284093	[0.4118, 0.5606, 0.7596, 0.7846, 0.8686, 0.84, 0.8684]
3L	19245781	0.999	11.24141883	[0.351, 0.4082, 0.5682, 0.6452, 0.8617, 0.8462, 0.88]
3L	19894182	0.999	16.91236825	[0.1771, 0.186, 0.4012, 0.551, 0.7458, 0.701, 0.6261]
3L	20344806	0.999	10.79715214	[0.4797, 0.3881, 0.5234, 0.7302, 0.8654, 0.83, 0.8721]
3L	20569759	0.999	9.61379884	[0.3165, 0.4576, 0.6136, 0.8723, 0.7925, 0.807, 0.7857]
3L	20587011	0.999	5.52448451	[0.5172, 0.6, 0.7345, 0.7917, 0.8268, 0.9014, 0.8448]
3L	20591094	0.999	18.26876296	[0.3696, 0.6154, 0.6264, 0.7922, 0.9, 0.9101, 0.8889]
3L	20591205	0.999	11.2966192	[0.4255, 0.4891, 0.6503, 0.7778, 0.8851, 0.9239, 0.8295]
3L	20717330	0.999	12.49377892	[0.4762, 0.6207, 0.8529, 0.9322, 0.9635, 0.8904, 0.9385]
3L	21678555	0.999	21.66182087	[0.3153, 0.5606, 0.8349, 0.803, 0.9074, 0.9368, 0.9176]
3L	21680318	0.999	9.91481558	[0.1981, 0.3016, 0.537, 0.66, 0.8362, 0.7564, 0.65]
3L	21813682	0.999	16.70091671	[0.3019, 0.4348, 0.7681, 0.8511, 0.9561, 0.9107, 0.8718]
3L	21813700	0.999	16.64209747	[0.2273, 0.3556, 0.5465, 0.7907, 0.8632, 0.7538, 0.7949]
3L	21999751	0.999	14.46713303	[0.21, 0.241, 0.438, 0.6557, 0.8014, 0.734, 0.72]
3L	22006591	0.999	10.31718099	[0.3661, 0.3607, 0.4086, 0.6786, 0.8561, 0.8571, 0.8913]
3L	22006629	0.999	7.66824152	[0.3969, 0.4255, 0.4421, 0.7258, 0.8647, 0.8462, 0.8367]
3L	22118693	0.999	26.64784108	[0.187, 0.375, 0.4832, 0.6737, 0.7346, 0.7959, 0.8081]
X	3537239	0.999	16.76130316	[0.5409, 0.6111, 0.7913, 0.9333, 0.9138, 1.0, 1.0]
X	7209524	0.999	16.26531187	[0.3866, 0.4789, 0.5802, 0.5763, 0.7843, 0.8571, 0.9275]
X	15525835	0.999	6.22302243	[0.5449, 0.6053, 0.7761, 0.8611, 0.8791, 1.0, 0.9167]
X	15929717	0.999	10.99773883	[0.5472, 0.6, 0.7263, 0.9362, 0.9293, 0.9275, 0.9818]
X	20081033	0.999	20.45695864	[0.3707, 0.4079, 0.7636, 0.8654, 0.8692, 0.8852, 0.9043]
X	20081488	0.999	15.59528457	[0.4072, 0.4938, 0.6667, 0.8961, 0.8859, 0.9, 0.8778]
X	20084681	0.999	15.21238102	[0.3594, 0.3279, 0.7119, 0.8936, 0.8067, 0.8, 0.8857]
X	20084801	0.999	12.94573887	[0.4861, 0.3871, 0.7768, 0.9091, 0.8333, 0.9211, 0.9667]
2R	10794634	1.0	24.55921304	[0.2759, 0.3099, 0.4178, 0.7, 0.8086, 0.8214, 0.8791]
3L	13972426	0.998	11.36985781	[0.2772, 0.378, 0.5441, 0.6842, 0.6939, 0.7236, 0.7536]
3L	13972641	0.998	15.11431427	[0.4301, 0.3968, 0.6508, 0.7237, 0.8737, 0.9444, 0.9444]
3L	13972746	0.998	15.92558383	[0.5366, 0.5872, 0.7453, 0.8247, 0.9314, 0.9247, 1.0]
3L	13976626	0.998	11.80378143	[0.29, 0.375, 0.5868, 0.5647, 0.7131, 0.697, 0.7632]
3L	13985400	0.998	7.44730446	[0.3631, 0.5053, 0.5794, 0.5484, 0.734, 0.8, 0.7467]
3L	14694876	0.998	5.05541317	[0.3645, 0.4393, 0.6224, 0.7179, 0.7182, 0.7742, 0.6712]
3L	15027981	0.998	12.07161845	[0.3742, 0.4355, 0.64, 0.6575, 0.8611, 0.9681, 0.8983]
3L	15284247	0.998	17.9119293	[0.3317, 0.4386, 0.4673, 0.7176, 0.7191, 0.7927, 0.9143]
3L	15284249	0.998	17.42326202	[0.3182, 0.4215, 0.4579, 0.7108, 0.7222, 0.7952, 0.8889]
3L	15457930	0.998	7.00733129	[0.4025, 0.4124, 0.6729, 0.7746, 0.8171, 0.87, 0.7879]
3L	15459502	0.998	12.04850551	[0.4602, 0.402, 0.4941, 0.6933, 0.9206, 0.8824, 0.92]
3L	15459680	0.998	5.63105201	[0.2074, 0.1525, 0.4912, 0.5, 0.7105, 0.6327, 0.6047]
3L	15466586	0.998	10.23178167	[0.4811, 0.4516, 0.7692, 0.869, 0.9115, 0.888, 0.9444]
3L	15466632	0.998	11.9595889	[0.3904, 0.4103, 0.7449, 0.8421, 0.8416, 0.8454, 0.9153]
3L	15466897	0.998	5.92906814	[0.5172, 0.5161, 0.7736, 0.86, 0.9151, 0.9016, 0.8644]
3L	15632076	0.998	5.63851655	[0.2083, 0.2115, 0.381, 0.4062, 0.5814, 0.7077, 0.7]
3L	15790423	0.998	15.18001824	[0.2465, 0.3797, 0.5063, 0.6226, 0.6286, 0.6932, 0.8621]
3L	15802649	0.998	10.40044048	[0.3047, 0.4762, 0.4886, 0.5405, 0.8197, 0.8163, 0.8667]
3L	15802687	0.998	6.97977964	[0.2917, 0.4342, 0.5368, 0.5965, 0.8333, 0.8033, 0.8]
3L	15804251	0.998	8.98223316	[0.6164, 0.7064, 0.8137, 0.8113, 0.9775, 0.9857, 0.9841]
3L	15804258	0.998	8.31317414	[0.5205, 0.6667, 0.719, 0.7377, 0.9451, 0.9342, 0.9194]
3L	15808671	0.998	14.64209204	[0.5023, 0.5563, 0.6491, 0.8077, 0.8081, 0.9381, 0.9444]
3L	15813497	0.998	10.63881051	[0.4435, 0.4737, 0.6786, 0.9048, 0.931, 0.9118, 0.9333]
3L	15815441	0.998	19.1717711	[0.2637, 0.4516, 0.5398, 0.7541, 0.7955, 0.8421, 0.9592]
3L	15815666	0.998	19.52222572	[0.2487, 0.2308, 0.5, 0.6615, 0.72, 0.7561, 0.8806]
3L	16095910	0.998	5.47854024	[0.3941, 0.5556, 0.5843, 0.617, 0.8193, 0.7778, 0.7755]
3L	16096170	0.998	7.95952318	[0.2545, 0.3152, 0.4393, 0.4706, 0.7419, 0.7407, 0.7059]
3L	16096505	0.998	11.71994005	[0.2453, 0.3232, 0.5106, 0.6, 0.7901, 0.7342, 0.7925]
3L	16102465	0.998	10.80198626	[0.6136, 0.5462, 0.802, 0.8767, 0.9487, 0.9886, 1.0]
3L	16105599	0.998	9.48151807	[0.3025, 0.2471, 0.4667, 0.3226, 0.7838, 0.7297, 0.8718]
3L	16571923	0.998	5.88842238	[0.5813, 0.56, 0.8315, 0.8519, 0.9529, 0.8765, 0.9362]
3L	17428962	0.998	18.39803828	[0.2324, 0.4296, 0.5191, 0.622, 0.7788, 0.812, 0.7975]
3L	17782526	0.998	14.66108735	[0.4652, 0.5413, 0.5872, 0.7625, 0.9524, 0.8505, 0.9184]
3L	17987135	0.998	7.41845057	[0.4301, 0.4175, 0.5577, 0.7097, 0.8118, 0.8265, 0.8226]
3L	18002409	0.998	7.94188129	[0.5837, 0.581, 0.7287, 0.6528, 0.8391, 0.9224, 0.9211]
3L	18002478	0.998	9.63156163	[0.6516, 0.6937, 0.8231, 0.8816, 0.9326, 0.9583, 1.0]
3L	18194489	0.998	21.54100614	[0.1959, 0.3256, 0.4476, 0.4318, 0.6087, 0.6779, 0.7568]
3L	18295025	0.998	7.90619757	[0.5, 0.5385, 0.7706, 0.6774, 0.7875, 0.9, 0.9512]
3L	18542053	0.998	3.60330006	[0.4796, 0.5938, 0.5192, 0.7551, 0.7805, 0.8, 0.8205]
3L	19723426	0.998	11.6441645	[0.2301, 0.368, 0.4338, 0.5632, 0.8353, 0.7797, 0.6707]
X	3416581	0.998	6.25283332	[0.3757, 0.4583, 0.5158, 0.475, 0.7195, 0.869, 0.8485]
X	5999862	0.998	15.03758912	[0.2387, 0.4151, 0.5634, 0.7674, 0.8182, 0.7966, 0.8913]
X	6816176	0.998	12.76509048	[0.3947, 0.4889, 0.3818, 0.5, 0.6125, 0.869, 0.8588]
X	7774374	0.998	7.64658847	[0.5401, 0.519, 0.6947, 0.7742, 0.869, 0.9277, 0.94]
X	7910640	0.998	3.12919586	[0.6788, 0.6203, 0.7788, 0.871, 0.8987, 0.9118, 0.9184]
X	8035148	0.998	9.9568624	[0.2866, 0.2967, 0.4, 0.7692, 0.7581, 0.8302, 0.8824]
X	8461292	0.998	4.32844491	[0.5954, 0.5405, 0.8442, 0.875, 0.8904, 0.9683, 0.9412]
X	8702050	0.998	4.61688611	[0.6272, 0.7297, 0.7683, 0.9091, 0.9277, 0.9841, 0.9697]
X	8707293	0.998	5.7163949	[0.6322, 0.7143, 0.759, 0.8667, 0.8831, 0.9775, 1.0]
X	9298018	0.998	9.92969599	[0.2754, 0.3973, 0.5342, 0.6829, 0.6351, 0.8529, 0.8333]
X	10780796	0.998	9.93518166	[0.3786, 0.375, 0.6522, 0.7037, 0.7532, 0.8763, 0.9048]
X	11175653	0.998	17.79119416	[0.245, 0.3974, 0.5281, 0.5472, 0.8056, 0.8333, 0.8769]
X	12016561	0.998	10.39215724	[0.2757, 0.2344, 0.3023, 0.3729, 0.7119, 0.7368, 0.8]
X	12018582	0.998	8.06631902	[0.4788, 0.4845, 0.7264, 0.7273, 0.9333, 0.898, 0.8966]
X	12018649	0.998	7.9407251	[0.5287, 0.4653, 0.5714, 0.7403, 0.9062, 0.8796, 0.9091]
X	12018676	0.998	9.35864667	[0.4787, 0.5275, 0.553, 0.7701, 0.91, 0.8776, 0.8889]
X	12019106	0.998	9.16486365	[0.5, 0.4757, 0.5854, 0.7778, 0.8431, 0.8352, 0.9423]
X	12636432	0.998	11.87623129	[0.3655, 0.3267, 0.5357, 0.6923, 0.7765, 0.747, 0.8909]
X	13451376	0.998	8.61708646	[0.6772, 0.6596, 0.6163, 0.6098, 0.9403, 0.8933, 1.0]
X	15913073	0.998	6.86308251	[0.4167, 0.3404, 0.5426, 0.6522, 0.8052, 0.8333, 0.8136]
X	15913950	0.998	2.85367568	[0.3971, 0.3373, 0.5968, 0.7027, 0.8472, 0.7302, 0.7188]
X	15926950	0.998	7.84127234	[0.3814, 0.3953, 0.5619, 0.5224, 0.5604, 0.8214, 0.7812]
X	16259890	0.998	6.40048229	[0.6307, 0.6132, 0.7282, 0.8125, 0.9367, 0.9326, 0.9394]
X	16965687	0.998	5.33893723	[0.5306, 0.4235, 0.5588, 0.5952, 0.7333, 0.7857, 0.8571]
X	17932244	0.998	6.4384741	[0.5988, 0.6364, 0.8947, 0.9388, 0.973, 0.9863, 1.0]
X	17932991	0.998	9.69636565	[0.6369, 0.6933, 0.907, 0.8571, 0.9667, 1.0, 1.0]
X	19325505	0.998	6.22752507	[0.4775, 0.5806, 0.5844, 0.6053, 0.7361, 0.9455, 0.9167]
X	20123830	0.998	9.8969625	[0.5575, 0.8861, 0.7596, 0.8596, 0.9775, 0.957, 1.0]
X	20123846	0.998	10.1429959	[0.5304, 0.7727, 0.8909, 0.9322, 0.9765, 0.9891, 1.0]
X	20125138	0.998	11.63322616	[0.4854, 0.7647, 0.7253, 0.9091, 0.95, 0.9836, 1.0]
X	20125330	0.998	8.54941739	[0.4583, 0.7857, 0.6341, 0.7692, 0.8636, 0.92, 1.0]
2L	2976752	0.999	10.49982802	[0.2487, 0.265, 0.4206, 0.5429, 0.713, 0.7473, 0.6835]
2R	2212242	0.999	17.39491995	[0.2189, 0.3611, 0.549, 0.5915, 0.8143, 0.9072, 0.8448]
2R	2212249	0.999	17.58910658	[0.1893, 0.3214, 0.5545, 0.5811, 0.7945, 0.9118, 0.8214]
2R	8742190	0.999	7.88517165	[0.3438, 0.3084, 0.6058, 0.6522, 0.7653, 0.8673, 0.7959]
2R	8744160	0.999	12.00558427	[0.3532, 0.3426, 0.479, 0.6719, 0.8137, 0.7442, 0.8205]
2R	8805514	0.999	10.53872725	[0.3299, 0.3438, 0.4828, 0.5593, 0.7273, 0.7945, 0.8431]
2R	12680860	0.999	11.62015524	[0.2288, 0.4118, 0.4545, 0.678, 0.7273, 0.8, 0.8293]
2R	12683233	0.999	15.69151432	[0.3152, 0.433, 0.4681, 0.6957, 0.8444, 0.8085, 0.8732]
2R	12683383	0.999	12.44783701	[0.2738, 0.4706, 0.5556, 0.7234, 0.7536, 0.8861, 0.8333]
2R	12683538	0.999	9.14861981	[0.3158, 0.4393, 0.4851, 0.6543, 0.7439, 0.869, 0.7705]
3L	2036149	0.999	9.92023822	[0.2981, 0.3701, 0.745, 0.7297, 0.7941, 0.8485, 0.7045]
3L	10334438	0.999	8.10736793	[0.2621, 0.3443, 0.6667, 0.6538, 0.7143, 0.7826, 0.7857]
3L	15028026	0.999	15.19245298	[0.4115, 0.4964, 0.699, 0.5513, 0.9041, 0.9263, 0.9306]
3L	15458056	0.999	14.21280714	[0.2951, 0.3458, 0.57, 0.7, 0.8987, 0.8442, 0.8548]
3L	15465036	0.999	16.03897203	[0.2349, 0.2136, 0.4953, 0.6714, 0.7327, 0.7416, 0.7949]
3L	15466610	0.999	12.03217201	[0.3202, 0.3636, 0.6311, 0.8588, 0.8585, 0.8305, 0.8571]
3L	15466615	0.999	9.43830396	[0.2944, 0.3115, 0.62, 0.7931, 0.8387, 0.8, 0.7778]
3L	15647793	0.999	18.62822846	[0.338, 0.4242, 0.5435, 0.7228, 0.8095, 0.7961, 0.8864]
3L	15813480	0.999	10.52680259	[0.3333, 0.3084, 0.5341, 0.6667, 0.8289, 0.8889, 0.8889]
3L	15813481	0.999	11.32743442	[0.3308, 0.3028, 0.5287, 0.6667, 0.8182, 0.8906, 0.8958]
3L	15813495	0.999	13.49783392	[0.3548, 0.3417, 0.56, 0.717, 0.8, 0.8904, 0.9138]
3L	16095406	0.999	20.06437812	[0.3052, 0.4159, 0.5182, 0.6512, 0.75, 0.7627, 0.9265]
3L	17786662	0.999	9.10426492	[0.4372, 0.4453, 0.5946, 0.7407, 0.8646, 0.8391, 0.8354]
3L	18003876	0.999	8.23130261	[0.3232, 0.371, 0.5294, 0.6, 0.713, 0.7216, 0.78]
3L	18258053	0.999	8.47083367	[0.4433, 0.3153, 0.575, 0.7143, 0.7126, 0.8381, 0.8065]
X	5999865	0.999	13.08902032	[0.2436, 0.3774, 0.5493, 0.75, 0.8302, 0.7931, 0.8636]
X	6000822	0.999	11.55211788	[0.2739, 0.5775, 0.6429, 0.6957, 0.8571, 0.8625, 0.9355]
X	6815576	0.999	7.87015056	[0.3734, 0.4286, 0.398, 0.493, 0.7105, 0.8714, 0.8889]
X	20126074	0.999	7.88917878	[0.5906, 0.781, 0.7326, 0.9219, 0.9863, 1.0, 1.0]
2L	6132533	0.999	20.45015246	[0.2763, 0.3817, 0.5556, 0.697, 0.6983, 0.7686, 0.7981]
2L	6132763	0.999	29.43521978	[0.163, 0.2857, 0.3793, 0.5106, 0.6633, 0.8866, 0.859]
2L	6132772	0.999	31.32787639	[0.1618, 0.3009, 0.3583, 0.5098, 0.7059, 0.9278, 0.8659]
2L	6132793	0.999	32.32952131	[0.1691, 0.2975, 0.375, 0.5, 0.7363, 0.9231, 0.8974]
2L	6820191	0.999	19.01653115	[0.5537, 0.6541, 0.9135, 0.913, 0.9626, 0.9802, 0.9739]
2L	7004416	0.999	22.37611955	[0.3924, 0.5843, 0.7143, 0.913, 0.9091, 0.9252, 0.9027]
2L	7004429	0.999	22.77113703	[0.3926, 0.5714, 0.726, 0.8776, 0.9098, 0.9402, 0.9099]
2L	7005065	0.999	21.77397528	[0.3681, 0.5217, 0.6991, 0.7838, 0.9375, 0.8989, 0.9302]
2L	7005111	0.999	18.7817049	[0.3863, 0.5078, 0.7632, 0.7667, 0.908, 0.8866, 0.9157]
2L	7006089	0.999	27.16473799	[0.4638, 0.5521, 0.7407, 0.8364, 0.9106, 0.9265, 0.9615]
2L	7006781	0.999	30.49062419	[0.3189, 0.6195, 0.7027, 0.8627, 0.9256, 0.9528, 0.9579]
2L	7006904	0.999	25.62587251	[0.3429, 0.4887, 0.7063, 0.8444, 0.8974, 0.9149, 0.9425]
2L	7007860	0.999	23.14511234	[0.3304, 0.5, 0.6106, 0.82, 0.8667, 0.9333, 0.9011]
2L	7009059	0.999	20.85581675	[0.4688, 0.5882, 0.7075, 0.7931, 0.8824, 0.9189, 0.9391]
2L	7009081	0.999	28.42629231	[0.3515, 0.4753, 0.6688, 0.7857, 0.844, 0.8519, 0.9231]
2L	7009372	0.999	22.16977031	[0.2962, 0.4737, 0.6957, 0.7857, 0.8673, 0.9231, 0.8587]
2L	7245987	0.999	16.08852444	[0.4308, 0.3884, 0.6071, 0.7826, 0.8353, 0.9306, 0.9333]
2R	6488635	0.999	6.86543649	[0.5191, 0.57, 0.6508, 0.7, 0.8675, 0.8372, 0.8793]
2R	8045436	0.999	16.11310128	[0.3861, 0.376, 0.5077, 0.6591, 0.8571, 0.9114, 0.8961]
2R	8045466	0.999	15.8443954	[0.4309, 0.433, 0.5595, 0.8108, 0.9359, 1.0, 0.9677]
2R	12580608	0.999	5.96552914	[0.3209, 0.3254, 0.5191, 0.6667, 0.7391, 0.8571, 0.6351]
2R	14449073	0.999	17.27860382	[0.2844, 0.4175, 0.5778, 0.8919, 0.8247, 0.8929, 0.8267]
2R	14449124	0.999	13.84582567	[0.276, 0.3585, 0.562, 0.8788, 0.8023, 0.8649, 0.8033]
2R	15080632	0.999	15.75317429	[0.3533, 0.4676, 0.6508, 0.7174, 0.8235, 0.7966, 0.8471]
2R	15084406	0.999	22.7083136	[0.3095, 0.5482, 0.6596, 0.7843, 0.8627, 0.9109, 0.8544]
3L	3105148	0.999	35.27029989	[0.1531, 0.3258, 0.481, 0.6087, 0.7414, 0.8224, 0.7944]
3L	3105515	0.999	42.21959535	[0.1408, 0.305, 0.5122, 0.6226, 0.7009, 0.7815, 0.8348]
3L	3112950	0.999	13.69789674	[0.303, 0.4264, 0.6641, 0.7059, 0.7083, 0.8941, 0.8448]
3L	3114986	0.999	13.31128736	[0.4348, 0.6119, 0.6116, 0.425, 0.802, 0.8544, 0.8667]
3L	3116195	0.999	10.58113417	[0.6019, 0.6622, 0.8144, 0.9565, 1.0, 1.0, 0.9841]
3L	3120022	0.999	14.26887053	[0.5552, 0.5929, 0.7021, 0.8684, 0.9316, 0.9709, 0.9647]
3L	3120025	0.999	17.63144858	[0.5089, 0.5683, 0.7103, 0.9048, 0.9435, 0.9732, 0.9667]
3L	5763687	0.999	11.66178999	[0.4681, 0.5946, 0.7851, 0.8605, 0.885, 0.9545, 0.9455]
3L	18090230	0.999	9.89109136	[0.2349, 0.28, 0.4018, 0.5208, 0.6875, 0.7234, 0.6429]
3L	18101130	0.999	25.01913426	[0.3333, 0.3292, 0.6503, 0.6522, 0.8082, 0.8921, 0.8421]
3L	18105709	0.999	32.9371726	[0.1319, 0.3548, 0.5, 0.5429, 0.7013, 0.859, 0.8955]
3L	18107589	0.999	18.38546216	[0.3736, 0.5823, 0.6441, 0.85, 0.8409, 0.9375, 1.0]
3L	18107600	0.999	6.94616135	[0.6648, 0.6892, 0.6349, 0.8421, 0.881, 0.9318, 1.0]
3L	18107621	0.999	15.41176035	[0.3072, 0.5067, 0.6364, 0.6957, 0.825, 0.9556, 0.9556]
3L	18107677	0.999	5.43135233	[0.3672, 0.5, 0.7222, 0.5926, 0.7536, 0.8125, 0.7193]
3L	18108054	0.999	14.39241618	[0.1778, 0.3689, 0.6696, 0.6, 0.7059, 0.8734, 0.7049]
3L	18108065	0.999	13.60207353	[0.1905, 0.3983, 0.6607, 0.5909, 0.7037, 0.878, 0.7119]
3L	18108941	0.999	39.81993173	[0.2027, 0.461, 0.6927, 0.7547, 0.8037, 0.9113, 0.9118]
3L	18109442	0.999	41.28075815	[0.1457, 0.3125, 0.5969, 0.7347, 0.7984, 0.866, 0.8505]
3L	18109778	0.999	33.624001	[0.1717, 0.4017, 0.6852, 0.7333, 0.8382, 0.9385, 0.9]
3L	18109792	0.999	40.36079731	[0.1744, 0.3228, 0.6058, 0.7308, 0.7875, 0.8889, 0.899]
3L	18109844	0.999	43.52931939	[0.2039, 0.3103, 0.625, 0.6522, 0.8242, 0.9151, 0.9765]
3L	18110233	0.999	45.02536748	[0.2766, 0.4221, 0.6863, 0.8148, 0.8485, 0.8776, 0.9315]
3L	18111213	0.999	34.18337687	[0.247, 0.3315, 0.64, 0.6833, 0.7522, 0.9252, 0.887]
3L	18111557	0.999	31.03106549	[0.3153, 0.4335, 0.68, 0.7436, 0.8807, 0.9646, 0.9412]
3L	18113241	0.999	35.45060619	[0.1693, 0.3034, 0.5896, 0.5455, 0.7011, 0.8835, 0.8941]
3L	18113458	0.999	43.47830605	[0.2162, 0.48, 0.5482, 0.7241, 0.7387, 0.8679, 0.9286]
3L	18113813	0.999	46.88435436	[0.2051, 0.4094, 0.5347, 0.6792, 0.7761, 0.9314, 0.9262]
3L	18117801	0.999	37.62609705	[0.2218, 0.5089, 0.8152, 0.7561, 0.875, 0.9205, 0.9663]
3L	18118807	0.999	33.23347296	[0.2067, 0.4722, 0.6042, 0.7727, 0.7881, 0.9205, 0.9571]
3L	18119329	0.999	33.06329684	[0.1988, 0.4444, 0.7292, 0.7931, 0.8416, 0.9174, 0.9136]
3L	18119620	0.999	43.38764775	[0.1629, 0.4012, 0.7285, 0.6852, 0.823, 0.8829, 0.9118]
3L	18120415	0.999	38.93414704	[0.1209, 0.408, 0.6693, 0.7442, 0.8111, 0.88, 0.9]
3L	18120979	0.999	54.55244338	[0.1214, 0.3567, 0.6691, 0.7037, 0.7807, 0.9107, 0.8926]
3L	18123610	0.999	43.42989875	[0.206, 0.467, 0.6625, 0.7021, 0.8632, 0.8529, 0.913]
3L	18124062	0.999	45.14754577	[0.1327, 0.3926, 0.6923, 0.7209, 0.7978, 0.9065, 0.9326]
3L	18124067	0.999	40.8137905	[0.1992, 0.4711, 0.7607, 0.7561, 0.7935, 0.9381, 0.9677]
3L	18124099	0.999	45.45709997	[0.1571, 0.4266, 0.717, 0.6667, 0.828, 0.8774, 0.9216]
3L	18124196	0.999	31.05904469	[0.2722, 0.5765, 0.7405, 0.7222, 0.8678, 0.9082, 0.9333]
3L	18125338	0.999	19.77440752	[0.1283, 0.4082, 0.6296, 0.7143, 0.7727, 0.881, 0.7544]
3L	18133983	0.999	11.62337207	[0.31, 0.4878, 0.5949, 0.7907, 0.7451, 0.8906, 0.8364]
3L	18233036	0.999	27.16581192	[0.3354, 0.4648, 0.5411, 0.6981, 0.7323, 0.875, 0.9159]
3L	18336400	0.999	19.31014035	[0.2829, 0.3043, 0.5657, 0.6842, 0.6923, 0.8519, 0.9138]
3L	18472167	0.999	13.98913301	[0.4938, 0.3776, 0.5354, 0.6977, 0.7245, 0.9167, 0.9118]
3L	18472754	0.999	8.15855006	[0.4935, 0.3693, 0.6608, 0.6964, 0.7917, 0.8804, 0.7899]
3L	18552092	0.999	18.07283608	[0.3209, 0.3128, 0.4224, 0.5254, 0.6772, 0.8585, 0.7963]
3L	18553820	0.999	15.36482637	[0.2965, 0.2483, 0.5315, 0.7273, 0.7059, 0.8447, 0.7604]
3L	18822118	0.999	25.6960196	[0.0563, 0.1368, 0.2933, 0.5882, 0.5312, 0.8033, 0.6901]
3L	18828430	0.999	13.24267988	[0.2422, 0.2577, 0.4545, 0.6818, 0.68, 0.7907, 0.7538]
3L	18956542	0.999	21.97820595	[0.095, 0.2571, 0.4628, 0.5526, 0.7228, 0.8025, 0.6901]
3L	19460090	0.999	25.91653461	[0.2706, 0.608, 0.6107, 0.8261, 0.8333, 0.9072, 0.8817]
3L	19460092	0.999	25.87571944	[0.258, 0.6, 0.6241, 0.8261, 0.8333, 0.9109, 0.8696]
3L	19460749	0.999	23.23254893	[0.3105, 0.5766, 0.6364, 0.8222, 0.9529, 0.9059, 0.9565]
3L	19460794	0.999	27.01937048	[0.2761, 0.463, 0.563, 0.766, 0.9062, 0.9109, 0.9583]
3L	19463072	0.999	20.17305681	[0.3283, 0.5036, 0.5894, 0.75, 0.8936, 0.9038, 0.9155]
3L	19463586	0.999	25.97355426	[0.3376, 0.535, 0.5929, 0.6825, 0.9431, 0.9008, 0.876]
3L	19463664	0.999	14.42001235	[0.4975, 0.6489, 0.6829, 0.8906, 0.9256, 0.9187, 0.8824]
3L	19465395	0.999	26.91358833	[0.3102, 0.4843, 0.5655, 0.7297, 0.888, 0.887, 0.8818]
3L	19465405	0.999	27.0377832	[0.3057, 0.4645, 0.5933, 0.75, 0.875, 0.8879, 0.8818]
3L	19465709	0.999	18.70253465	[0.3123, 0.4097, 0.5417, 0.6809, 0.913, 0.8252, 0.8571]
3L	19468434	0.999	21.84201295	[0.4864, 0.5724, 0.6738, 0.7031, 0.8929, 0.9189, 0.9487]
3L	19468736	0.999	11.91610322	[0.4948, 0.6083, 0.7549, 0.7297, 0.9318, 0.9333, 0.9394]
3L	19471534	0.999	9.53540498	[0.5263, 0.5417, 0.6667, 0.766, 0.978, 0.9552, 0.8851]
3L	19475891	0.999	18.50201887	[0.2664, 0.4538, 0.6389, 0.7, 0.8539, 0.907, 0.8472]
3L	20289936	0.999	14.91806748	[0.4775, 0.5703, 0.6667, 0.825, 0.9155, 0.8659, 0.9383]
3L	20289943	0.999	15.07746829	[0.4746, 0.5734, 0.6937, 0.8293, 0.8974, 0.875, 0.9302]
3L	20292815	0.999	16.95686338	[0.4014, 0.5421, 0.7385, 0.8182, 0.9048, 0.9149, 0.9221]
X	17429567	0.999	28.6523448	[0.2454, 0.2593, 0.4478, 0.4643, 0.7381, 0.8472, 0.8866]
X	17429614	0.999	23.0513937	[0.2542, 0.2544, 0.4737, 0.5, 0.6824, 0.859, 0.8718]
X	17821862	0.999	21.05763644	[0.2635, 0.3375, 0.4954, 0.4375, 0.7604, 0.8219, 0.9298]
X	19322473	0.999	8.448903	[0.5336, 0.5281, 0.7356, 0.9189, 0.9649, 0.9733, 0.9194]
X	19323162	0.999	6.02932688	[0.4523, 0.5063, 0.8125, 0.9444, 0.878, 0.8889, 0.8718]
X	19323175	0.999	8.74588751	[0.4333, 0.4571, 0.7639, 0.9565, 0.875, 0.881, 0.8958]
X	19656768	0.999	29.8163943	[0.2006, 0.3645, 0.4627, 0.8077, 0.7379, 0.825, 0.8861]
3L	18244425	1.0	12.13659433	[0.4684, 0.5181, 0.7191, 0.9444, 0.8621, 1.0, 1.0]
X	15066127	0.997	11.93791566	[0.4465, 0.506, 0.6667, 0.7143, 0.8776, 0.9492, 0.9787]
X	15528790	0.997	2.35330315	[0.8226, 0.7604, 0.9589, 0.9615, 1.0, 0.9865, 0.9571]
X	15528809	0.997	2.84936225	[0.8, 0.7312, 0.9322, 0.9592, 1.0, 0.9828, 0.9677]
X	15528811	0.997	3.27626701	[0.7844, 0.7473, 0.9083, 0.9592, 0.9821, 0.9828, 0.9667]
X	15562773	0.997	16.86468737	[0.3455, 0.3636, 0.4654, 0.5902, 0.6849, 0.7361, 0.8696]
X	15616421	0.997	7.88582349	[0.1657, 0.2308, 0.3386, 0.3721, 0.7969, 0.6806, 0.6486]
X	15619116	0.997	4.95786021	[0.3645, 0.3261, 0.3563, 0.62, 0.7391, 0.8382, 0.6825]
X	15623016	0.997	2.51817591	[0.4906, 0.4382, 0.3881, 0.4615, 0.6038, 0.8095, 0.7347]
X	16266397	0.997	12.84396197	[0.4709, 0.5595, 0.7532, 0.7021, 0.8448, 0.8986, 0.942]
X	16489677	0.997	7.54456677	[0.5625, 0.5943, 0.6545, 0.7797, 0.8148, 0.8901, 0.8837]
X	16490803	0.997	4.53663128	[0.5787, 0.5315, 0.7, 0.7963, 0.807, 0.7857, 0.8667]
X	16599545	0.997	16.46807475	[0.0865, 0.1548, 0.25, 0.3958, 0.5658, 0.6562, 0.6212]
X	17069836	0.997	5.64830339	[0.5127, 0.5581, 0.7911, 0.7719, 0.7733, 0.8333, 0.8286]
X	17069861	0.997	6.1288493	[0.495, 0.5426, 0.7925, 0.8305, 0.8, 0.8243, 0.8358]
X	17070401	0.997	6.14743971	[0.5141, 0.4831, 0.7296, 0.7544, 0.7846, 0.8358, 0.8472]
X	19312040	0.997	4.34600586	[0.7379, 0.8532, 0.8659, 0.8333, 0.9014, 1.0, 0.9667]
2L	8158901	0.998	29.04077656	[0.2981, 0.5357, 0.6142, 0.7302, 0.9101, 1.0, 1.0]
2L	8159199	0.998	36.38881979	[0.3151, 0.4034, 0.6326, 0.8205, 0.9468, 0.9737, 0.982]
2L	10347420	0.998	13.56045833	[0.3664, 0.4959, 0.5611, 0.6613, 0.7531, 0.8283, 0.8077]
2L	11455229	0.998	6.072727	[0.4214, 0.5567, 0.6953, 0.7083, 0.8933, 0.8553, 0.7812]
2L	13278220	0.998	6.3566339	[0.5691, 0.7647, 0.8299, 0.8871, 0.9326, 0.9691, 0.8646]
2L	13278915	0.998	7.21725712	[0.5053, 0.6316, 0.7326, 0.8462, 0.8767, 0.9231, 0.85]
2L	14348941	0.998	6.16783056	[0.6224, 0.7308, 0.7935, 0.875, 0.9718, 0.9506, 0.9385]
2L	14349304	0.998	10.32227178	[0.6486, 0.7895, 0.8436, 0.9038, 0.9885, 0.9651, 0.9775]
2L	14350655	0.998	15.70716672	[0.6308, 0.6476, 0.7718, 0.8824, 0.9647, 0.9355, 0.9915]
2L	16921449	0.998	13.07419774	[0.2267, 0.2243, 0.3067, 0.3721, 0.5484, 0.6848, 0.7079]
2L	16921560	0.998	14.20735297	[0.5441, 0.4815, 0.7128, 0.6429, 0.8026, 0.8763, 0.945]
2R	2925455	0.998	19.26983835	[0.3791, 0.4483, 0.5041, 0.7619, 0.8286, 0.8571, 0.9615]
2R	2925488	0.998	14.51331994	[0.4611, 0.49, 0.4658, 0.5435, 0.8833, 0.8475, 0.9405]
2R	3632322	0.998	8.55440868	[0.4261, 0.5591, 0.5985, 0.8542, 0.8689, 0.8491, 0.8548]
2R	4488091	0.998	14.32645219	[0.3313, 0.4956, 0.3969, 0.4419, 0.7018, 0.7381, 0.8649]
2R	5061458	0.998	15.04627461	[0.2098, 0.2427, 0.4138, 0.5111, 0.7, 0.6795, 0.7742]
2R	5062678	0.998	8.69705786	[0.4802, 0.5091, 0.6485, 0.6078, 0.8361, 0.8588, 0.8824]
2R	5753246	0.998	15.09209195	[0.3776, 0.3976, 0.6194, 0.8125, 0.8475, 0.8767, 0.9643]
2R	6097150	0.998	15.32213111	[0.303, 0.4904, 0.5337, 0.6406, 0.8551, 0.8026, 0.8481]
2R	6097509	0.998	17.18513869	[0.3333, 0.4696, 0.6067, 0.7536, 0.8118, 0.7586, 0.8861]
2R	7383698	0.998	10.53681036	[0.4521, 0.5439, 0.6308, 0.6429, 0.8358, 0.9247, 0.9104]
2R	7383700	0.998	8.73204583	[0.5442, 0.6216, 0.7109, 0.7321, 0.8657, 0.9574, 0.9394]
2R	8676757	0.998	11.95581999	[0.3527, 0.4758, 0.5574, 0.7727, 0.7436, 0.8193, 0.7636]
2R	10791239	0.998	10.03711581	[0.4069, 0.391, 0.555, 0.6111, 0.8077, 0.7935, 0.825]
2R	11266629	0.998	13.62254019	[0.3386, 0.4353, 0.6232, 0.7451, 0.8861, 0.7195, 0.8642]
2R	17632236	0.998	15.20365076	[0.5101, 0.5462, 0.7701, 0.75, 0.9114, 0.974, 0.949]
3L	9682639	0.998	7.24040585	[0.5106, 0.6296, 0.6885, 0.7273, 0.8286, 0.9077, 0.8714]
3L	9683177	0.998	8.3918171	[0.4966, 0.4854, 0.6275, 0.7955, 0.8571, 0.8621, 0.8986]
3L	12585050	0.998	16.63768706	[0.5123, 0.5897, 0.7854, 0.8571, 0.9798, 0.9643, 0.9386]
3L	13940628	0.998	10.73204743	[0.4483, 0.5039, 0.6615, 0.7222, 0.8315, 0.8684, 0.8816]
3L	14222427	0.998	21.6408294	[0.2757, 0.3881, 0.5256, 0.7273, 0.7159, 0.9565, 0.881]
3L	15030397	0.998	9.33028003	[0.3133, 0.2793, 0.4677, 0.5098, 0.6538, 0.8182, 0.75]
3L	15037379	0.998	14.68769125	[0.3077, 0.4016, 0.3837, 0.4545, 0.6395, 0.7867, 0.8161]
3L	15047859	0.998	14.83766554	[0.3216, 0.371, 0.4967, 0.7015, 0.7887, 0.7677, 0.8333]
3L	20408578	0.998	6.45557236	[0.4172, 0.233, 0.5479, 0.7857, 0.8197, 0.7561, 0.8]
3L	20408586	0.998	6.48402567	[0.4348, 0.2376, 0.5333, 0.7705, 0.8197, 0.75, 0.8167]
3L	20415440	0.998	6.19655535	[0.5304, 0.5217, 0.7312, 0.8209, 0.8611, 0.8571, 0.8333]
3L	20415614	0.998	9.20959025	[0.3696, 0.3786, 0.6301, 0.8103, 0.7111, 0.8023, 0.7808]
3L	20717323	0.998	27.76519143	[0.1893, 0.2143, 0.3174, 0.6038, 0.662, 0.7647, 0.92]
3L	20724661	0.998	15.8191193	[0.6406, 0.7266, 0.8042, 0.873, 0.9196, 0.9681, 0.9841]
3L	20724692	0.998	19.00231519	[0.4682, 0.6101, 0.6542, 0.7213, 0.85, 0.8812, 0.9111]
3L	20746091	0.998	11.1929953	[0.3442, 0.25, 0.4406, 0.4634, 0.7561, 0.7971, 0.8438]
3L	20781604	0.998	10.6073048	[0.3663, 0.336, 0.4657, 0.5833, 0.6957, 0.7895, 0.7826]
X	2320608	0.998	17.60857505	[0.2647, 0.3333, 0.4918, 0.7188, 0.66, 0.8511, 0.9423]
X	2322883	0.998	11.01656209	[0.3481, 0.2747, 0.5809, 0.6667, 0.8, 0.913, 0.8958]
X	2644460	0.998	5.82695456	[0.4648, 0.5155, 0.5828, 0.7931, 0.8318, 0.8312, 0.7941]
X	3237784	0.998	12.34323682	[0.2391, 0.2821, 0.3907, 0.5439, 0.7812, 0.7805, 0.7297]
X	3950881	0.998	13.35188488	[0.2571, 0.4658, 0.5241, 0.7805, 0.9048, 0.8305, 0.8431]
X	3951126	0.998	17.79663602	[0.3282, 0.3924, 0.5714, 0.6852, 0.8621, 0.8939, 0.9242]
X	3952140	0.998	14.53714297	[0.3218, 0.5607, 0.5845, 0.7222, 0.9048, 0.8358, 0.8947]
X	5248926	0.998	4.95725396	[0.4663, 0.6111, 0.6953, 0.766, 0.8, 0.8696, 0.8372]
X	5347393	0.998	14.47940077	[0.3152, 0.5287, 0.7059, 0.7368, 0.7451, 0.7627, 0.9074]
X	5351131	0.998	9.75604411	[0.2938, 0.377, 0.6512, 0.7209, 0.8421, 0.8281, 0.85]
X	5495305	0.998	7.13261374	[0.5437, 0.6857, 0.7888, 0.7111, 0.873, 0.9014, 0.9032]
X	5495657	0.998	9.8998256	[0.602, 0.7273, 0.8188, 0.7949, 0.9464, 0.9333, 0.9839]
X	6258034	0.998	10.08009068	[0.2663, 0.4457, 0.6525, 0.4681, 0.7949, 0.8525, 0.7385]
X	6460177	0.998	14.90100702	[0.3674, 0.5, 0.65, 0.8039, 0.7841, 0.8077, 0.835]
X	6615120	0.998	15.67558491	[0.3757, 0.6914, 0.8095, 0.8, 0.9216, 0.9538, 0.9275]
X	12542104	0.998	13.99801549	[0.6238, 0.8218, 0.9095, 0.92, 1.0, 0.9577, 0.9899]
X	15066049	0.998	9.73416659	[0.5534, 0.5306, 0.705, 0.7234, 0.8851, 0.9351, 0.9538]
X	15066060	0.998	10.76926793	[0.4916, 0.4737, 0.7016, 0.7209, 0.8816, 0.9385, 0.9492]
X	16266373	0.998	12.40877591	[0.4826, 0.5532, 0.7027, 0.6458, 0.8485, 0.8939, 0.9429]
2L	8158578	0.999	19.42486615	[0.3622, 0.5444, 0.6886, 0.7925, 0.9167, 0.9625, 0.9577]
2L	8158932	0.999	30.6993398	[0.278, 0.4717, 0.6135, 0.7619, 0.9101, 0.9794, 0.9873]
2L	8158997	0.999	23.89138443	[0.3333, 0.433, 0.6776, 0.7931, 0.9012, 0.9528, 0.962]
2L	8159007	0.999	10.58366825	[0.686, 0.6731, 0.8283, 0.8852, 0.9759, 0.9905, 1.0]
2L	8159051	0.999	27.99858947	[0.3218, 0.4153, 0.6904, 0.7397, 0.9146, 0.9633, 0.977]
2L	8159842	0.999	9.99177945	[0.3094, 0.3443, 0.526, 0.6667, 0.7959, 0.74, 0.7188]
2L	9655994	0.999	13.12253723	[0.3409, 0.448, 0.5322, 0.5926, 0.7027, 0.8095, 0.8421]
2R	5753480	0.999	13.25669823	[0.3636, 0.4, 0.5845, 0.6667, 0.8382, 0.9062, 0.9565]
3L	14222476	0.999	21.30278145	[0.2857, 0.3828, 0.4836, 0.6724, 0.775, 0.8696, 0.875]
3L	15047931	0.999	14.19407971	[0.3394, 0.4248, 0.4074, 0.6933, 0.7969, 0.8356, 0.875]
3L	15104804	0.999	14.08216857	[0.3233, 0.3796, 0.6341, 0.6452, 0.65, 0.8596, 0.9016]
3L	20717330	0.999	15.82302046	[0.547, 0.5536, 0.6964, 0.8393, 0.9041, 0.9186, 1.0]
3L	20717359	0.999	12.53201408	[0.5574, 0.5648, 0.7107, 0.8421, 0.9012, 0.9157, 0.9857]
X	2321832	0.999	12.55055872	[0.328, 0.3385, 0.5776, 0.6667, 0.7619, 0.9077, 0.9474]
X	2644286	0.999	13.20174319	[0.4162, 0.5161, 0.5244, 0.7843, 0.8281, 0.8788, 0.9143]
X	3236420	0.999	6.45323308	[0.3618, 0.3537, 0.5089, 0.6889, 0.7143, 0.8421, 0.7273]
X	3949884	0.999	12.94944938	[0.3605, 0.4118, 0.5973, 0.6349, 0.8542, 0.8507, 0.8767]
X	3952455	0.999	18.12779627	[0.3102, 0.4513, 0.5217, 0.7895, 0.8281, 0.8901, 0.875]
X	4845442	0.999	7.61146251	[0.3165, 0.4416, 0.694, 0.7273, 0.7302, 0.8, 0.8158]
X	5350045	0.999	17.54647174	[0.2932, 0.4583, 0.7717, 0.8065, 0.8103, 0.9038, 0.9423]
X	5350387	0.999	14.42176423	[0.321, 0.5094, 0.6364, 0.9091, 0.8302, 0.8667, 0.9375]
X	15066073	0.999	9.29969896	[0.4675, 0.4268, 0.6737, 0.5714, 0.8182, 0.9608, 0.94]
3L	17145281	0.997	13.09387357	[0.6535, 0.8091, 0.9208, 0.9778, 0.9574, 0.9733, 0.9825]
3L	20324852	0.997	6.92401749	[0.4262, 0.3789, 0.6139, 0.6937, 0.7317, 0.9221, 0.7701]
3L	20887217	0.997	15.31696763	[0.3399, 0.6148, 0.6226, 0.6444, 0.7787, 0.74, 0.8488]
3L	20887490	0.997	11.56951865	[0.3558, 0.6353, 0.5909, 0.7083, 0.7596, 0.6667, 0.8111]
3L	21829510	0.997	15.66068018	[0.3028, 0.2878, 0.626, 0.7434, 0.6832, 0.6136, 0.7559]
X	482544	0.997	7.69920445	[0.6237, 0.5729, 0.6348, 0.7527, 0.8605, 0.8889, 0.9247]
X	503401	0.997	9.6956463	[0.5769, 0.5243, 0.5673, 0.6813, 0.8714, 0.9048, 0.9487]
X	1069287	0.997	7.07707307	[0.5628, 0.6538, 0.759, 0.7416, 0.963, 0.971, 0.8641]
X	1069493	0.997	6.90745284	[0.5068, 0.5914, 0.7468, 0.7606, 0.8721, 0.95, 0.8852]
X	1099870	0.997	7.36324409	[0.6347, 0.7, 0.7108, 0.7931, 0.9403, 0.9672, 0.9571]
X	1444327	0.997	9.73047902	[0.413, 0.5109, 0.6476, 0.7571, 0.8043, 0.8243, 0.8333]
X	2146828	0.997	5.70611687	[0.4259, 0.4426, 0.6049, 0.7273, 0.8143, 0.8689, 0.7833]
X	4765051	0.997	16.35374984	[0.4831, 0.5957, 0.8, 0.8125, 0.8205, 0.8986, 0.9091]
X	4939916	0.997	10.48755835	[0.5326, 0.6296, 0.6667, 0.809, 0.8654, 0.8816, 0.9072]
X	6054971	0.997	10.13012368	[0.4811, 0.6038, 0.7258, 0.7073, 0.6598, 0.8442, 0.8544]
X	6071089	0.997	9.9332764	[0.5535, 0.6769, 0.6598, 0.7326, 0.7846, 0.8889, 0.9818]
X	6204840	0.997	13.11808367	[0.2331, 0.3023, 0.5405, 0.6269, 0.625, 0.6567, 0.8511]
X	6495152	0.997	9.8413286	[0.4459, 0.4904, 0.7424, 0.7317, 0.66, 0.8442, 0.8218]
X	6495777	0.997	12.98982008	[0.4774, 0.4423, 0.6061, 0.6279, 0.6824, 0.8519, 0.8899]
X	6495835	0.997	19.4579894	[0.3883, 0.4091, 0.6316, 0.5949, 0.7229, 0.7765, 0.9143]
X	6498244	0.997	16.77385912	[0.3448, 0.453, 0.4914, 0.5851, 0.5481, 0.8205, 0.8667]
X	8670121	0.997	20.43232247	[0.2776, 0.4844, 0.5285, 0.7407, 0.6092, 0.7586, 0.7966]
X	8672870	0.997	13.8720792	[0.2993, 0.5169, 0.6477, 0.759, 0.7927, 0.8472, 0.8312]
X	8673442	0.997	11.56092326	[0.2781, 0.4615, 0.5663, 0.7069, 0.766, 0.8689, 0.8148]
X	8673638	0.997	19.89647826	[0.2299, 0.443, 0.5109, 0.5873, 0.7015, 0.7733, 0.8676]
X	9057487	0.997	4.99804705	[0.6193, 0.7033, 0.6949, 0.7692, 0.8316, 0.9559, 0.8831]
X	11547459	0.997	3.08548511	[0.6313, 0.4737, 0.6455, 0.8617, 0.8488, 0.95, 0.8261]
X	11548549	0.997	7.8756764	[0.3702, 0.3882, 0.5854, 0.7206, 0.8056, 0.863, 0.8036]
X	11548716	0.997	5.87710089	[0.2955, 0.3855, 0.6061, 0.7069, 0.8871, 0.8833, 0.6852]
X	11958829	0.997	10.52772609	[0.3077, 0.5227, 0.5588, 0.5921, 0.6512, 0.8, 0.7561]
X	11958966	0.997	16.12585338	[0.3125, 0.4275, 0.4914, 0.5941, 0.6869, 0.7789, 0.7517]
X	12065080	0.997	10.40411339	[0.4471, 0.411, 0.6, 0.8507, 0.8571, 0.8161, 0.9062]
X	12527835	0.997	6.91328879	[0.7529, 0.7647, 0.8261, 0.7979, 0.9512, 0.9872, 1.0]
X	12837964	0.997	8.63169104	[0.7234, 0.6988, 0.7596, 0.8462, 0.9067, 0.9726, 0.989]
X	12882589	0.997	13.84853157	[0.5562, 0.45, 0.7079, 0.7183, 0.8608, 0.863, 1.0]
X	12911835	0.997	6.50376128	[0.6702, 0.6774, 0.6139, 0.8592, 0.8861, 0.942, 0.9419]
X	13733202	0.997	5.41031442	[0.4864, 0.4194, 0.5521, 0.7237, 0.5769, 0.8804, 0.7805]
X	13733655	0.997	9.18281018	[0.4464, 0.4773, 0.6176, 0.71, 0.5111, 0.8056, 0.8039]
X	14192680	0.997	1.61713784	[0.4891, 0.5678, 0.5794, 0.7059, 0.7467, 0.7959, 0.6327]
X	14285374	0.997	4.69869274	[0.7434, 0.78, 0.8305, 0.9038, 0.9783, 1.0, 1.0]
X	14984876	0.997	17.53989493	[0.3726, 0.4545, 0.4759, 0.6582, 0.6481, 0.7263, 0.8649]
X	15878352	0.997	9.57447938	[0.4438, 0.4483, 0.7222, 0.6232, 0.791, 0.8395, 0.8649]
X	15878670	0.997	9.07186117	[0.5297, 0.3415, 0.6471, 0.6786, 0.7935, 0.7439, 0.875]
X	16235257	0.997	11.15121902	[0.4684, 0.4808, 0.4867, 0.7753, 0.8889, 0.9125, 0.87]
X	16235258	0.997	11.079362	[0.495, 0.4857, 0.5, 0.7789, 0.8947, 0.9186, 0.8785]
X	16342335	0.997	4.74114982	[0.5588, 0.5254, 0.7213, 0.7586, 0.7568, 0.7805, 0.898]
X	17125777	0.997	12.18902443	[0.2485, 0.1948, 0.3981, 0.5542, 0.7333, 0.6716, 0.7342]
X	18786050	0.997	3.76841795	[0.6561, 0.662, 0.6512, 0.8026, 0.875, 0.9508, 0.9032]
X	18786638	0.997	3.57561321	[0.6957, 0.68, 0.7241, 0.7759, 0.8608, 1.0, 0.8977]
2L	1263287	0.998	14.38541724	[0.3989, 0.5116, 0.6515, 0.7353, 0.8304, 0.86, 0.8687]
2L	1263292	0.998	14.56721621	[0.3862, 0.4919, 0.6493, 0.7474, 0.8455, 0.8725, 0.8646]
2L	1263865	0.998	12.91429488	[0.4592, 0.4759, 0.5929, 0.6875, 0.8737, 0.8444, 0.8655]
2L	2222980	0.998	11.45271774	[0.1562, 0.2199, 0.277, 0.3223, 0.5929, 0.6476, 0.5405]
2L	2501335	0.998	14.23368227	[0.3529, 0.4202, 0.5643, 0.7143, 0.75, 0.8519, 0.8108]
2L	4723617	0.998	16.74598131	[0.2271, 0.3125, 0.4083, 0.5833, 0.5981, 0.6979, 0.7327]
2L	9323155	0.998	18.28131994	[0.337, 0.4891, 0.4538, 0.6224, 0.7308, 0.7857, 0.8443]
2L	10128453	0.998	8.01689253	[0.3604, 0.4819, 0.6962, 0.7679, 0.8551, 0.7959, 0.8167]
2L	10719455	0.998	19.31948602	[0.4332, 0.4711, 0.6349, 0.7279, 0.8131, 0.9175, 0.9273]
2L	10719461	0.998	19.26019485	[0.4159, 0.44, 0.6328, 0.7391, 0.8165, 0.8812, 0.9174]
2L	10719490	0.998	17.06253093	[0.4215, 0.4468, 0.6341, 0.7239, 0.7815, 0.8866, 0.8981]
2L	10753299	0.998	9.39819458	[0.484, 0.5355, 0.7333, 0.7157, 0.8661, 0.8785, 0.8134]
2L	10989884	0.998	6.86202137	[0.3222, 0.4681, 0.6806, 0.7021, 0.6552, 0.6735, 0.7397]
2L	15462126	0.998	22.50888457	[0.2963, 0.4444, 0.5455, 0.7381, 0.7375, 0.8022, 0.9]
2L	15516553	0.998	19.62507221	[0.3067, 0.5083, 0.5588, 0.6824, 0.7159, 0.7831, 0.8443]
2L	15744280	0.998	7.56888322	[0.4239, 0.6232, 0.7385, 0.8312, 0.8182, 0.8514, 0.8113]
2L	19304941	0.998	14.02561491	[0.2704, 0.2764, 0.4677, 0.6306, 0.7222, 0.6909, 0.7273]
2R	9211799	0.998	16.19892343	[0.2353, 0.2326, 0.3175, 0.5043, 0.6446, 0.6535, 0.7196]
2R	9284214	0.998	13.30350188	[0.2773, 0.4022, 0.4421, 0.4878, 0.6154, 0.7746, 0.7857]
3L	1557568	0.998	12.0996679	[0.3632, 0.4343, 0.4521, 0.7165, 0.6639, 0.828, 0.7603]
3L	12324634	0.998	9.49201021	[0.3158, 0.2917, 0.4059, 0.5227, 0.6333, 0.746, 0.7532]
3L	12468818	0.998	31.64176106	[0.243, 0.4571, 0.625, 0.6667, 0.708, 0.8889, 0.8176]
3L	12471933	0.998	21.03602331	[0.3131, 0.5034, 0.6154, 0.6293, 0.6769, 0.82, 0.8475]
3L	12472872	0.998	17.81499949	[0.2751, 0.3381, 0.617, 0.712, 0.681, 0.8785, 0.8242]
3L	12484691	0.998	18.11567142	[0.4813, 0.5814, 0.7987, 0.8173, 0.8351, 0.8899, 0.9339]
3L	12484822	0.998	6.72197561	[0.6464, 0.6566, 0.8283, 0.8, 0.8444, 0.9157, 0.9099]
3L	12501922	0.998	20.84518417	[0.4219, 0.6107, 0.7769, 0.8939, 0.9462, 0.9302, 0.913]
3L	13193138	0.998	11.93735164	[0.3602, 0.5185, 0.5421, 0.8395, 0.8041, 0.7551, 0.7647]
3L	13308322	0.998	20.03626977	[0.3471, 0.4818, 0.4579, 0.65, 0.6771, 0.8194, 0.8824]
3L	14834526	0.998	31.64250527	[0.28, 0.5704, 0.5981, 0.8072, 0.7473, 0.8923, 0.9147]
3L	16273287	0.998	10.25831594	[0.5215, 0.5766, 0.7686, 0.7197, 0.7778, 0.9072, 0.8561]
3L	17145162	0.998	16.15192603	[0.4444, 0.5581, 0.8235, 0.9184, 0.8923, 1.0, 1.0]
3L	17145191	0.998	18.01062336	[0.5674, 0.6466, 0.8898, 0.9535, 0.9157, 1.0, 0.9909]
3L	17145195	0.998	20.53967669	[0.5561, 0.672, 0.8968, 0.9583, 0.9186, 1.0, 0.9918]
3L	17145199	0.998	19.67879156	[0.5781, 0.688, 0.907, 0.9604, 0.9348, 0.9899, 0.9921]
X	505457	0.998	6.47610713	[0.6736, 0.4615, 0.5463, 0.7158, 0.8333, 0.8916, 0.9412]
X	542571	0.998	4.22662763	[0.6132, 0.6321, 0.5962, 0.7674, 0.866, 0.8846, 0.8488]
X	1069270	0.998	8.19208174	[0.5108, 0.619, 0.7901, 0.7416, 0.9615, 0.9697, 0.8542]
X	1092137	0.998	17.93908317	[0.5618, 0.713, 0.6891, 0.8476, 0.9268, 0.9626, 0.9907]
X	6502275	0.998	9.79408995	[0.3944, 0.3333, 0.5577, 0.5507, 0.7067, 0.8205, 0.8382]
X	12069678	0.998	8.12548168	[0.562, 0.6203, 0.8043, 0.9028, 0.9464, 0.9385, 0.9516]
X	12069681	0.998	8.96587353	[0.5703, 0.6296, 0.8021, 0.9041, 0.9333, 0.9412, 0.9565]
X	12332232	0.998	3.91922717	[0.7914, 0.7031, 0.9419, 0.9844, 1.0, 1.0, 1.0]
X	12332253	0.998	3.40839786	[0.7939, 0.6769, 0.9756, 0.9836, 1.0, 1.0, 1.0]
X	12837840	0.998	6.18896042	[0.6506, 0.5333, 0.7889, 0.9286, 0.9506, 0.9512, 0.9524]
X	16333040	0.998	9.19713073	[0.4675, 0.4301, 0.6038, 0.6463, 0.6667, 0.8675, 0.8495]
2L	12892567	0.999	4.92476191	[0.4649, 0.3205, 0.4355, 0.6296, 0.8269, 0.7843, 0.8182]
3L	15422280	0.999	16.59171458	[0.2209, 0.3158, 0.5214, 0.5495, 0.6176, 0.8529, 0.7609]
3L	17145163	0.999	15.76395667	[0.4412, 0.5529, 0.8235, 0.9184, 0.8923, 1.0, 1.0]
3L	17145164	0.999	20.39023608	[0.3504, 0.5287, 0.8023, 0.8776, 0.875, 1.0, 1.0]
3L	17145187	0.999	20.2774071	[0.5029, 0.6316, 0.8739, 0.9167, 0.8974, 1.0, 0.9902]
3L	4027265	0.998	16.85089179	[0.4045, 0.5085, 0.575, 0.7046, 0.8431, 0.8667, 0.8824]
3L	4027287	0.998	21.21260905	[0.351, 0.5041, 0.5635, 0.6966, 0.8421, 0.8559, 0.9024]
3L	4030085	0.998	19.60380666	[0.3818, 0.5182, 0.6126, 0.7213, 0.7326, 0.8415, 0.9223]
3L	4030877	0.998	14.13479339	[0.462, 0.55, 0.6271, 0.7403, 0.7439, 0.8469, 0.8943]
3L	5318249	0.998	17.79788776	[0.2595, 0.2857, 0.4324, 0.5351, 0.6882, 0.76, 0.76]
3L	7396548	0.998	12.72446617	[0.2866, 0.3725, 0.3784, 0.6502, 0.7957, 0.8208, 0.72]
3L	12901517	0.998	16.92298502	[0.414, 0.5319, 0.6224, 0.7305, 0.8721, 0.8974, 0.9208]
3L	12901535	0.998	13.4221811	[0.5091, 0.6897, 0.7654, 0.8024, 0.975, 0.9663, 0.9524]
3L	12901613	0.998	17.77674739	[0.5489, 0.7523, 0.7636, 0.7626, 0.939, 0.9626, 0.9724]
3L	12902933	0.998	14.60848263	[0.5, 0.6071, 0.7869, 0.7661, 0.9222, 0.8608, 0.9244]
3L	12904119	0.998	11.45874296	[0.391, 0.4783, 0.5862, 0.6631, 0.7237, 0.8537, 0.8701]
3L	12906616	0.998	11.10017435	[0.4234, 0.5532, 0.6277, 0.7135, 0.859, 0.8242, 0.8795]
3L	12909250	0.998	25.84795987	[0.2386, 0.3196, 0.625, 0.6507, 0.8395, 0.88, 0.8559]
3L	12909617	0.998	12.59059227	[0.4863, 0.6494, 0.75, 0.8118, 0.9464, 0.9508, 0.9474]
3L	13758287	0.998	9.08369453	[0.6257, 0.7226, 0.7365, 0.8546, 0.954, 0.9496, 0.9149]
3L	13762019	0.998	13.8373734	[0.5215, 0.5051, 0.5396, 0.7053, 0.9306, 0.8835, 0.949]
3L	13762092	0.998	10.37664763	[0.5812, 0.4891, 0.5804, 0.7619, 0.8889, 0.8362, 0.9333]
3L	13762170	0.998	11.07300258	[0.5491, 0.422, 0.5234, 0.7934, 0.8621, 0.8438, 0.9]
3L	13794041	0.998	13.84518411	[0.343, 0.4324, 0.5565, 0.6409, 0.8198, 0.8101, 0.8247]
3L	13853973	0.998	12.94500964	[0.4437, 0.4479, 0.5981, 0.7441, 0.8072, 0.8837, 0.8922]
3L	13854589	0.998	12.22416923	[0.4113, 0.5357, 0.6092, 0.6744, 0.8611, 0.8795, 0.8764]
3L	13855558	0.998	14.12574175	[0.4278, 0.5104, 0.6339, 0.68, 0.7889, 0.7667, 0.8989]
3L	13922685	0.998	17.29568378	[0.2927, 0.3333, 0.496, 0.598, 0.7011, 0.7982, 0.8523]
3L	13926620	0.998	18.70545894	[0.3758, 0.4528, 0.5076, 0.6594, 0.8375, 0.75, 0.9208]
3L	13926947	0.998	9.96177584	[0.362, 0.3152, 0.3445, 0.5503, 0.7125, 0.6849, 0.7865]
3L	13927432	0.998	25.76370152	[0.3671, 0.3932, 0.5374, 0.7118, 0.7347, 0.8276, 0.9054]
3L	13930789	0.998	21.66337929	[0.3704, 0.4336, 0.5476, 0.6078, 0.7931, 0.8318, 0.906]
3L	14568612	0.998	14.33518864	[0.5183, 0.4673, 0.7, 0.7725, 0.9024, 0.9388, 0.9274]
3L	14572581	0.998	12.17610373	[0.3497, 0.4188, 0.625, 0.75, 0.6364, 0.7475, 0.7692]
3L	14867918	0.998	12.9582459	[0.454, 0.5905, 0.6374, 0.7399, 0.8133, 0.8936, 0.8969]
3L	15025621	0.998	23.41646877	[0.4302, 0.3796, 0.4779, 0.6649, 0.7838, 0.8229, 0.9658]
3L	15028041	0.998	9.8998676	[0.5924, 0.4712, 0.5138, 0.7442, 0.8636, 0.8774, 0.9381]
3L	15123842	0.998	11.53585366	[0.5123, 0.4579, 0.5755, 0.7246, 0.878, 0.8934, 0.8686]
3L	15548896	0.998	14.9807375	[0.3911, 0.3267, 0.4423, 0.6765, 0.7534, 0.7391, 0.8654]
3L	15555032	0.998	27.89941591	[0.1595, 0.1913, 0.3675, 0.6364, 0.7284, 0.76, 0.8017]
3L	15556502	0.998	15.483575	[0.2228, 0.2174, 0.2889, 0.5436, 0.7241, 0.69, 0.6957]
3L	15560506	0.998	27.08383142	[0.183, 0.243, 0.5043, 0.7705, 0.8256, 0.8438, 0.7947]
3L	15560933	0.998	33.72060064	[0.0484, 0.1696, 0.3566, 0.5, 0.633, 0.6604, 0.686]
3L	15693619	0.998	14.81185378	[0.5043, 0.3933, 0.7312, 0.7442, 0.9167, 0.934, 0.9619]
3L	15871419	0.998	13.89387337	[0.3171, 0.2278, 0.5818, 0.6167, 0.7344, 0.8721, 0.9016]
3L	15888152	0.998	15.55233542	[0.3699, 0.2877, 0.5667, 0.6328, 0.8382, 0.8977, 0.8977]
3L	15889432	0.998	16.53892601	[0.2456, 0.2154, 0.4143, 0.5806, 0.7288, 0.7683, 0.8553]
3L	15889776	0.998	17.78122097	[0.2481, 0.2419, 0.4432, 0.567, 0.697, 0.7867, 0.8667]
3L	15895485	0.998	8.57016175	[0.5357, 0.587, 0.687, 0.8057, 0.8971, 0.8913, 0.8846]
3L	15897033	0.998	15.36531083	[0.4589, 0.3627, 0.4327, 0.6268, 0.6989, 0.8889, 0.9457]
3L	15897057	0.998	19.94622511	[0.4122, 0.3578, 0.4727, 0.6651, 0.7363, 0.8611, 0.9588]
3L	15897634	0.998	14.56448418	[0.3604, 0.3667, 0.4878, 0.6158, 0.6739, 0.82, 0.8523]
3L	15913470	0.998	15.07555065	[0.4419, 0.5046, 0.5859, 0.79, 0.9545, 0.9327, 0.8819]
3L	15997204	0.998	11.82001367	[0.4795, 0.4231, 0.6972, 0.7535, 0.8197, 0.9583, 0.9538]
3L	16000088	0.998	13.04319806	[0.4894, 0.6232, 0.7303, 0.8968, 1.0, 1.0, 0.9855]
3L	16000142	0.998	14.27223372	[0.4138, 0.5714, 0.5574, 0.6923, 0.8163, 0.8636, 0.9367]
3L	16000325	0.998	17.43295593	[0.456, 0.6377, 0.6892, 0.7432, 0.9348, 0.9552, 1.0]
3L	16022205	0.998	12.05915689	[0.4615, 0.4762, 0.5053, 0.6364, 0.7538, 0.7901, 0.925]
3L	16028192	0.998	4.87830415	[0.6782, 0.5728, 0.6518, 0.7412, 0.8118, 0.8925, 0.8991]
3L	16099454	0.998	22.68715136	[0.2357, 0.3942, 0.4035, 0.6603, 0.747, 0.7921, 0.8361]
3L	16690600	0.998	24.1368241	[0.2482, 0.2772, 0.4149, 0.6702, 0.8462, 0.8404, 0.8857]
3L	21130356	0.998	14.5594533	[0.5028, 0.6154, 0.6493, 0.8125, 0.7955, 0.8772, 0.9279]
X	2909969	0.998	9.87131041	[0.5354, 0.5185, 0.7043, 0.7182, 0.8737, 0.8318, 0.8922]
X	7545860	0.998	11.37541448	[0.5915, 0.7067, 0.7875, 0.9, 0.9434, 0.9859, 1.0]
X	7774827	0.998	8.47309866	[0.5948, 0.6905, 0.6639, 0.7949, 0.7778, 0.9149, 0.9151]
X	8738366	0.998	9.97186308	[0.5833, 0.6538, 0.6892, 0.7537, 0.8542, 0.9167, 1.0]
X	9774445	0.998	6.31818313	[0.732, 0.7656, 0.6855, 0.804, 0.8718, 0.9753, 0.9545]
X	10364291	0.998	14.01768493	[0.303, 0.4923, 0.6667, 0.7215, 0.7568, 0.8706, 0.8068]
X	10364505	0.998	9.2057885	[0.4463, 0.4691, 0.7732, 0.8938, 0.7937, 0.8652, 0.8298]
X	11628406	0.998	22.4686603	[0.2236, 0.25, 0.4476, 0.6054, 0.8, 0.7656, 0.8765]
X	14723095	0.998	12.10283312	[0.4337, 0.5, 0.5077, 0.6927, 0.6494, 0.8295, 0.8475]
X	16490803	0.998	6.77890566	[0.5706, 0.6119, 0.6522, 0.7233, 0.8644, 0.8333, 0.8667]
2L	6005913	0.999	16.43306568	[0.2556, 0.25, 0.2838, 0.625, 0.8103, 0.8312, 0.9091]
2L	6829295	0.999	20.02395742	[0.2787, 0.4426, 0.3333, 0.4233, 0.7067, 0.7753, 0.8878]
2L	6829363	0.999	32.19246296	[0.1818, 0.2771, 0.3488, 0.4186, 0.6444, 0.8, 0.8667]
2L	6923096	0.999	19.78766469	[0.1509, 0.125, 0.2195, 0.34, 0.5938, 0.6837, 0.72]
2L	6923445	0.999	14.02650287	[0.2096, 0.2708, 0.3717, 0.4459, 0.7826, 0.783, 0.69]
2L	6934978	0.999	27.68522831	[0.1923, 0.2783, 0.1765, 0.464, 0.5476, 0.7547, 0.8039]
2L	6934988	0.999	20.67563387	[0.2788, 0.337, 0.2472, 0.5189, 0.64, 0.8454, 0.8696]
2L	7575223	0.999	18.22098337	[0.3922, 0.4333, 0.5603, 0.5787, 0.7745, 0.8208, 0.9052]
2L	7575232	0.999	19.75277982	[0.3478, 0.4035, 0.5128, 0.5556, 0.7442, 0.8252, 0.9135]
2L	7683900	0.999	16.88043356	[0.1151, 0.125, 0.1977, 0.2883, 0.4928, 0.6615, 0.7188]
2L	8032992	0.999	28.22816714	[0.0071, 0.0594, 0.0194, 0.2321, 0.4754, 0.6548, 0.6395]
2L	8173937	0.999	13.58993405	[0.4305, 0.2917, 0.5794, 0.5657, 0.8636, 0.8532, 0.908]
2L	8369775	0.999	20.16572314	[0.3892, 0.3846, 0.4922, 0.6954, 0.7262, 0.839, 0.9008]
2L	10794895	0.999	23.37091058	[0.4921, 0.5259, 0.598, 0.7675, 0.9174, 0.9388, 0.9662]
2L	13241057	0.999	21.376332	[0.1026, 0.3452, 0.4651, 0.3926, 0.726, 0.6623, 0.7465]
3L	12283516	0.999	18.07940139	[0.2727, 0.44, 0.5417, 0.648, 0.9194, 0.918, 0.9286]
3L	12908220	0.999	17.60242988	[0.3825, 0.4569, 0.5476, 0.7478, 0.9121, 0.8835, 0.8699]
3L	12909344	0.999	21.44253271	[0.218, 0.4176, 0.5364, 0.5817, 0.7534, 0.8143, 0.8454]
3L	12909572	0.999	20.48083794	[0.1882, 0.4625, 0.5636, 0.7273, 0.8608, 0.8701, 0.8485]
3L	12909614	0.999	22.88027381	[0.1879, 0.3896, 0.617, 0.6647, 0.8621, 0.8197, 0.8684]
3L	13762087	0.999	13.0897597	[0.4873, 0.4222, 0.5405, 0.7017, 0.8824, 0.8396, 0.9263]
3L	13922759	0.999	22.94896932	[0.3235, 0.3182, 0.4545, 0.595, 0.7375, 0.8469, 0.8974]
3L	13928907	0.999	13.79234027	[0.3625, 0.3429, 0.5196, 0.6505, 0.8289, 0.7528, 0.8438]
3L	15552071	0.999	34.88282889	[0.0964, 0.1818, 0.473, 0.5625, 0.7303, 0.6774, 0.7857]
3L	15552091	0.999	31.44705904	[0.1077, 0.2037, 0.4768, 0.53, 0.7292, 0.7054, 0.748]
3L	15693634	0.999	14.52938736	[0.3011, 0.2464, 0.6024, 0.6747, 0.7818, 0.8241, 0.8667]
3L	15888218	0.999	18.75550007	[0.2941, 0.2329, 0.4434, 0.5263, 0.8133, 0.7912, 0.8586]
3L	16099253	0.999	13.79700037	[0.2211, 0.2121, 0.3333, 0.5204, 0.6082, 0.6847, 0.6583]
3L	16691763	0.999	28.33400911	[0.1026, 0.1382, 0.2868, 0.487, 0.7303, 0.7921, 0.7016]
X	7758285	0.999	16.39060515	[0.5475, 0.5823, 0.7551, 0.8288, 0.8254, 0.956, 0.989]
X	10363415	0.999	16.9156336	[0.2403, 0.4068, 0.6061, 0.7417, 0.7969, 0.8289, 0.8657]
X	10366611	0.999	25.07996643	[0.1605, 0.2273, 0.5606, 0.5941, 0.6883, 0.7703, 0.7807]
X	16477478	0.999	14.60470982	[0.522, 0.4368, 0.5917, 0.6613, 0.8333, 0.8353, 0.925]
X	12901198	0.997	9.40631944	[0.433, 0.4035, 0.7164, 0.6667, 0.8, 0.823, 0.8022]
X	13868653	0.997	13.72527867	[0.5204, 0.6142, 0.7073, 0.8594, 0.8028, 0.825, 0.8898]
X	13982555	0.997	20.99886713	[0.149, 0.1792, 0.2462, 0.3061, 0.4167, 0.6214, 0.68]
X	13984353	0.997	9.95092469	[0.5389, 0.4957, 0.6081, 0.7066, 0.8571, 0.9133, 0.8583]
X	13984366	0.997	7.87830529	[0.5937, 0.5868, 0.6061, 0.6795, 0.8382, 0.9042, 0.8678]
X	13987240	0.997	11.24616164	[0.6139, 0.5156, 0.7, 0.7397, 0.8611, 0.9133, 0.9155]
X	13989200	0.997	15.84121767	[0.4013, 0.5133, 0.5484, 0.7115, 0.7761, 0.8561, 0.8421]
X	14085751	0.997	9.43356755	[0.5429, 0.5825, 0.5849, 0.8099, 0.8462, 0.9127, 0.9103]
X	14085859	0.997	9.10456512	[0.5647, 0.5155, 0.5893, 0.7803, 0.9388, 0.9219, 0.9146]
X	14085915	0.997	14.12360373	[0.4195, 0.4862, 0.5263, 0.777, 0.8909, 0.925, 0.9143]
X	14086537	0.997	18.0866288	[0.3347, 0.3976, 0.551, 0.7037, 0.95, 0.9231, 0.9041]
X	14086722	0.997	7.56813988	[0.5378, 0.5213, 0.5472, 0.8264, 0.8947, 0.9587, 0.8734]
X	14086765	0.997	18.94548027	[0.3684, 0.4796, 0.5079, 0.752, 0.907, 0.9542, 0.8925]
X	14087532	0.997	18.61939801	[0.4227, 0.5143, 0.4423, 0.8214, 0.9091, 0.9098, 0.9175]
X	14088462	0.997	10.71941329	[0.4174, 0.4932, 0.5429, 0.7672, 0.825, 0.9485, 0.9524]
X	14393147	0.997	14.41017459	[0.2328, 0.2527, 0.4314, 0.3504, 0.5417, 0.6788, 0.6636]
X	14456044	0.997	6.33773463	[0.5993, 0.5421, 0.6122, 0.6929, 0.931, 0.9455, 0.875]
X	15237116	0.997	24.67048134	[0.4572, 0.5556, 0.5263, 0.6692, 0.7407, 0.8955, 0.9576]
X	15237257	0.997	28.96709004	[0.4706, 0.614, 0.6849, 0.6821, 0.8367, 0.9154, 0.9718]
X	15237317	0.997	15.06689485	[0.5785, 0.6235, 0.65, 0.7119, 0.7674, 0.9048, 0.9703]
X	15237643	0.997	29.26753783	[0.4492, 0.62, 0.6714, 0.7425, 0.8442, 0.9264, 0.964]
X	15793923	0.997	14.35104873	[0.5663, 0.6692, 0.641, 0.8244, 0.7879, 0.9338, 0.9381]
X	15794555	0.997	18.28896522	[0.5265, 0.5648, 0.5439, 0.7305, 0.7258, 0.8625, 0.95]
X	15796474	0.997	13.64868733	[0.6382, 0.7402, 0.7241, 0.7661, 0.8358, 0.9474, 0.9562]
X	20510099	0.997	10.85470197	[0.4058, 0.4, 0.3462, 0.6599, 0.7759, 0.7516, 0.7759]
2L	9094545	0.998	9.05391161	[0.3512, 0.403, 0.36, 0.6296, 0.5921, 0.6867, 0.6803]
2L	11885747	0.998	8.58446682	[0.6681, 0.7025, 0.678, 0.8525, 0.9608, 0.9343, 0.9505]
2R	2550246	0.998	10.24501345	[0.2857, 0.2989, 0.5, 0.5229, 0.8103, 0.746, 0.6638]
2R	3660713	0.998	10.05367121	[0.4402, 0.5104, 0.625, 0.7468, 0.9375, 0.8535, 0.8611]
2R	3715278	0.998	20.0052874	[0.3094, 0.439, 0.6923, 0.6842, 0.8511, 0.8058, 0.8529]
2R	3722401	0.998	24.43160562	[0.3112, 0.4483, 0.725, 0.6351, 0.7875, 0.8232, 0.7833]
2R	3723568	0.998	18.35126349	[0.2101, 0.3636, 0.5231, 0.5903, 0.7945, 0.8279, 0.7416]
2R	3723628	0.998	15.20350001	[0.3211, 0.4677, 0.6957, 0.6519, 0.747, 0.809, 0.7619]
2R	3735448	0.998	17.96435959	[0.2671, 0.3359, 0.5926, 0.6028, 0.7903, 0.6605, 0.7323]
2R	4489276	0.998	11.77399608	[0.398, 0.5, 0.7344, 0.6818, 0.8393, 0.7947, 0.7826]
2R	8044447	0.998	21.14615486	[0.2277, 0.5, 0.4394, 0.4839, 0.64, 0.7476, 0.8514]
2R	8054619	0.998	17.62336622	[0.3415, 0.3282, 0.6026, 0.6917, 0.6939, 0.75, 0.8286]
2R	8820422	0.998	5.40675064	[0.5948, 0.6667, 0.5714, 0.8333, 0.9167, 0.9577, 0.8955]
2R	8825301	0.998	11.91686441	[0.3795, 0.4464, 0.525, 0.5333, 0.8649, 0.8839, 0.8171]
2R	11225761	0.998	14.31199103	[0.3935, 0.44, 0.5652, 0.6, 0.6538, 0.7963, 0.819]
2R	12363013	0.998	12.21224698	[0.4202, 0.5126, 0.6377, 0.6387, 0.8167, 0.8065, 0.8302]
2R	12363105	0.998	15.16336778	[0.507, 0.6412, 0.5753, 0.8644, 0.8596, 0.9008, 0.934]
2R	14785696	0.998	13.67067349	[0.6127, 0.7214, 0.6761, 0.9308, 0.971, 0.908, 0.952]
2R	14785752	0.998	15.88268899	[0.5854, 0.7328, 0.7571, 0.9299, 0.9365, 0.9367, 0.9732]
2R	16139944	0.998	15.56102443	[0.2823, 0.3586, 0.3667, 0.4802, 0.7222, 0.7122, 0.75]
2R	17314202	0.998	21.72689261	[0.2857, 0.3934, 0.4407, 0.6205, 0.7324, 0.6853, 0.8652]
2R	17316471	0.998	28.83692694	[0.2449, 0.4891, 0.425, 0.6696, 0.6774, 0.7311, 0.8909]
2R	17615341	0.998	17.33038997	[0.3661, 0.3681, 0.4407, 0.5422, 0.7377, 0.7246, 0.866]
2R	18803856	0.998	31.63448301	[0.2203, 0.3118, 0.4286, 0.4904, 0.7385, 0.8457, 0.7987]
2R	18803884	0.998	19.89851853	[0.4267, 0.4576, 0.5476, 0.6114, 0.7463, 0.8814, 0.8608]
3L	1386262	0.998	15.15362025	[0.2491, 0.2366, 0.3, 0.5774, 0.7805, 0.6643, 0.7531]
3L	1862836	0.998	30.3443917	[0.3012, 0.3081, 0.3415, 0.5628, 0.7206, 0.7398, 0.8148]
3L	2267708	0.998	22.45377023	[0.2849, 0.3664, 0.3289, 0.5247, 0.5735, 0.6957, 0.777]
3L	2519046	0.998	20.86076885	[0.3465, 0.4651, 0.5349, 0.6755, 0.7736, 0.8092, 0.9277]
3L	2519170	0.998	14.29675748	[0.4208, 0.6341, 0.6842, 0.8413, 0.8919, 0.9358, 0.9265]
3L	2519185	0.998	13.19703728	[0.4297, 0.6386, 0.6667, 0.8582, 0.8947, 0.9072, 0.9231]
3L	2519206	0.998	12.7397727	[0.4436, 0.5806, 0.6393, 0.8636, 0.8824, 0.9247, 0.9464]
3L	3203733	0.998	14.09981147	[0.2863, 0.4365, 0.4237, 0.6894, 0.791, 0.7809, 0.7426]
3L	3204288	0.998	6.97119858	[0.4167, 0.4538, 0.5435, 0.8291, 0.7925, 0.8168, 0.75]
3L	3204382	0.998	16.51579081	[0.368, 0.5534, 0.58, 0.7385, 0.8235, 0.824, 0.8837]
3L	3218090	0.998	16.73700225	[0.2454, 0.2655, 0.3529, 0.6197, 0.7083, 0.6, 0.7143]
3L	3218672	0.998	17.83607978	[0.1567, 0.2589, 0.2857, 0.5621, 0.4909, 0.6168, 0.6216]
3L	3614567	0.998	12.98337905	[0.3542, 0.4211, 0.3913, 0.6701, 0.5938, 0.7736, 0.7561]
3L	7638425	0.998	9.32278667	[0.4128, 0.4342, 0.4198, 0.5475, 0.662, 0.7766, 0.757]
3L	11657561	0.998	12.97482302	[0.5811, 0.6757, 0.6825, 0.8043, 0.9767, 0.9214, 0.95]
3L	11657587	0.998	11.1982177	[0.5868, 0.6885, 0.7188, 0.8071, 0.9318, 0.9209, 0.9381]
3L	16934363	0.998	3.72772431	[0.25, 0.2143, 0.4545, 0.4062, 0.75, 0.8136, 0.6]
3L	17601884	0.998	22.17832723	[0.4486, 0.5611, 0.7444, 0.7674, 0.8864, 0.8556, 0.8615]
3L	17601927	0.998	25.11238133	[0.3947, 0.4557, 0.6966, 0.6881, 0.7763, 0.8444, 0.8364]
3L	18283168	0.998	12.0123325	[0.4706, 0.4868, 0.5632, 0.6994, 0.7326, 0.777, 0.8061]
3L	18386623	0.998	24.99616279	[0.2721, 0.4961, 0.3944, 0.7518, 0.6818, 0.7557, 0.8614]
3L	18386864	0.998	16.96186399	[0.451, 0.52, 0.5733, 0.7162, 0.7714, 0.8766, 0.8819]
3L	18522690	0.998	28.49461155	[0.1304, 0.3233, 0.2368, 0.4202, 0.5278, 0.6879, 0.6571]
X	3058531	0.998	12.53276527	[0.5962, 0.6505, 0.6596, 0.7983, 0.7143, 0.9898, 0.9667]
X	3058781	0.998	9.63699198	[0.4393, 0.5652, 0.5946, 0.7619, 0.6452, 0.9625, 0.9167]
X	12207987	0.998	24.50017972	[0.4475, 0.6044, 0.8333, 0.7143, 0.88, 0.9421, 0.9727]
X	12207994	0.998	22.23655835	[0.5623, 0.6881, 0.8864, 0.907, 0.9062, 0.9812, 0.9784]
X	12208133	0.998	17.53362649	[0.5912, 0.7368, 0.7632, 0.8882, 0.9394, 0.9665, 0.9683]
X	12208137	0.998	23.31696166	[0.5215, 0.7333, 0.747, 0.7963, 0.9062, 0.9548, 0.9695]
X	12208253	0.998	26.41384822	[0.5204, 0.6404, 0.7971, 0.8038, 0.96, 0.9441, 0.9851]
X	12208263	0.998	26.64199074	[0.5031, 0.6636, 0.7846, 0.7922, 0.9429, 0.9532, 0.9778]
X	12208390	0.998	15.89918369	[0.4373, 0.6373, 0.6226, 0.7109, 0.8036, 0.9485, 0.9268]
X	13984335	0.998	7.19344189	[0.5487, 0.4706, 0.6286, 0.7093, 0.8767, 0.8864, 0.8205]
X	13989144	0.998	9.37993736	[0.4223, 0.3462, 0.5, 0.6645, 0.7966, 0.8429, 0.78]
X	14085715	0.998	21.58797162	[0.364, 0.5093, 0.6379, 0.822, 0.8413, 0.9098, 0.9167]
X	14086141	0.998	12.82361574	[0.4087, 0.4894, 0.5, 0.7007, 0.8393, 0.913, 0.9423]
X	15237234	0.998	29.35771964	[0.4808, 0.5982, 0.6462, 0.6424, 0.8833, 0.9291, 0.9732]
X	15237311	0.998	23.89897496	[0.4023, 0.6136, 0.619, 0.7016, 0.8261, 0.9196, 0.9375]
X	15237316	0.998	23.50966491	[0.3793, 0.593, 0.6167, 0.6864, 0.7857, 0.9223, 0.932]
X	15238382	0.998	8.79871223	[0.6373, 0.7037, 0.7123, 0.8466, 0.9254, 0.9608, 0.916]
2R	4489440	0.999	20.04641081	[0.3072, 0.4472, 0.4857, 0.5852, 0.7692, 0.7418, 0.7532]
3L	2518951	0.999	18.52768291	[0.2803, 0.4458, 0.5738, 0.6414, 0.6667, 0.887, 0.863]
3L	2519078	0.999	27.00675454	[0.1883, 0.4362, 0.2955, 0.6176, 0.7447, 0.8095, 0.8816]
3L	2519150	0.999	14.28661482	[0.4178, 0.6296, 0.64, 0.8031, 0.8788, 0.9174, 0.9178]
3L	2519167	0.999	14.05170386	[0.4242, 0.6353, 0.6792, 0.8033, 0.8889, 0.9292, 0.9167]
X	12208038	0.999	28.3772325	[0.4657, 0.6923, 0.74, 0.8533, 0.9143, 0.9634, 0.9701]
X	13989166	0.999	11.65744895	[0.406, 0.3846, 0.4667, 0.6529, 0.8065, 0.8786, 0.7845]
X	14085538	0.999	16.46309576	[0.396, 0.4722, 0.6346, 0.7959, 0.963, 0.9167, 0.8627]
X	15237366	0.999	26.7610382	[0.2712, 0.4198, 0.5102, 0.5806, 0.6667, 0.8451, 0.9706]
X	15237369	0.999	26.07092232	[0.25, 0.3827, 0.5102, 0.5294, 0.625, 0.7895, 0.942]
